0.44280710538904599627 0.44664518670144975898 0.11054770790950423087 
0.94733054635012781119 0.00000607533829573590 0.05266337831157645588 
0.33283789446937300793 0.66716210453062696484 0.00000000099999999999 
0.99999999799999994554 0.00000000099999999999 0.00000000099999999999 
0.41024989970530834071 0.58505946704573952299 0.00469063324895207644 
0.97840196394528944346 0.02159803505471056748 0.00000000099999999999 
0.91760218102774637750 0.05000851790910600114 0.03238930106314768381 
0.96195046482983348479 0.00000000125930616939 0.03804953391086039055 
0.78148226461137482168 0.07510466797135716133 0.14341306741726794760 
0.92929879963942996213 0.03773893224948433184 0.03296226811108571297 
0.41746453364704572131 0.53660061642314338393 0.04593484992981087395 
0.44469497259821705315 0.54025005621447963478 0.01505497118730338840 
0.96527942375196895686 0.02587896728783089378 0.00884160896020009558 
0.37395411546195539421 0.62604588353804457856 0.00000000100000000000 
0.10125518661599026971 0.00000000100000000000 0.89874481238400971694 
0.00000000099999999998 0.99999999800000005656 0.00000000099999999998 
0.34227067659228632701 0.65772931936289658061 0.00000000404481709147 
0.99999999293268737599 0.00000000606731265412 0.00000000099999999999 
0.89768681190859245245 0.08030471828405866264 0.02200846980734884675 
0.01957126903788391353 0.98042872996211605230 0.00000000099999999999 
0.00000000099999999996 0.99999999800000005656 0.00000000099999999996 
0.06974507392259221561 0.00106728296294751938 0.92918764311446022663 
0.00000000099999999997 0.99999999800000005656 0.00000000099999999997 
0.00000000099999999996 0.99999999799999994554 0.00000000099999999996 
0.00000000099999999999 0.00613125360107816611 0.99386874539892189340 
0.00000000099999999996 0.99999999800000005656 0.00000000099999999996 
0.00000000099999999996 0.99999999800000005656 0.00000000099999999996 
0.99599947329749505265 0.00400052570250483252 0.00000000099999999999 
0.95186957201505772996 0.00000010726247082738 0.04813032072247148963 
0.03159002348588590969 0.00000000099999999999 0.96840997551411400757 
0.08491493908159722381 0.00067102726956607133 0.91441403364883655502 
0.00000000099999999998 0.00000000099999999998 0.99999999800000005656 
0.00000000100000000000 0.86101213074087468158 0.13898786825912537446 
0.98115968206525294715 0.00475137193063496135 0.01408894600411208717 
0.46915235720881659498 0.09136343330186613709 0.43948420948931721242 
0.09086706350306752999 0.01747681318051272012 0.89165612331641974642 
0.00000000099999999998 0.00000000099999999998 0.99999999800000005656 
0.00000000099999999997 0.99999999799999994554 0.00000000099999999997 
0.00000000099999999999 0.00000000099999999999 0.99999999800000005656 
0.03951553933656413303 0.01530804830841437682 0.94517641235502147801 
0.00000000099999999999 0.00000000099999999999 0.99999999800000005656 
0.03838051105575290833 0.01753762220219861473 0.94408186674204852551 
0.00000000099999999999 0.00000000099999999999 0.99999999800000005656 
0.00000000099999999998 0.99999999800000005656 0.00000000099999999998 
0.00000000099999999998 0.99999999799999994554 0.00000000099999999998 
0.00000000099999999998 0.73338075805824165521 0.26661924094175837308 
0.00000000099999999998 0.74798680997836741735 0.25201318902163255542 
0.05685529438649898626 0.02591782342117714480 0.91722688219232384466 
0.02131657725405419757 0.00000000099999999999 0.97868342174594580296 
0.00000000099999999999 0.00000056755153582184 0.99999943144846414889 
0.01620777592919923904 0.00000000100000000000 0.98379222307080083088 
0.00000000099999999996 0.99999999799999994554 0.00000000099999999996 
0.02413788478062956280 0.05504386443014904623 0.92081825078922141525 
0.04859488035337928419 0.00000000099999999999 0.95140511864662069552 
0.00000000099999999996 0.00000000099999999996 0.99999999799999994554 
0.00000123630622363966 0.79488153525521165754 0.20511722843856483589 
0.26113543221667523397 0.01591023782527734021 0.72295432995804742582 
0.00781248943802645163 0.74290371025906176694 0.24928380030291186209 
0.99246949618962210238 0.00000000099999999999 0.00753050281037791810 
0.05303245256136692592 0.00000000100000000000 0.94696754643863301215 
0.42991855478210350139 0.55807337440897397673 0.01200807080892261729 
0.35420394365158996974 0.63529704116288021609 0.01049901518552986274 
0.99999999799999994554 0.00000000099999999999 0.00000000099999999999 
0.02528383964549366786 0.97471615935450639512 0.00000000099999999999 
0.02809743359222307071 0.00171438630623107265 0.97018818010154583842 
0.00000000099999999998 0.99999999799999994554 0.00000000099999999998 
0.00000000679465100147 0.99999999220534907529 0.00000000099999999998 
0.93164611363924987320 0.06835388536074998855 0.00000000099999999999 
0.85335264083096262766 0.09564262896626637978 0.05100473020277085379 
0.37997154590135162611 0.62002845309864840218 0.00000000099999999999 
0.99784040462452350262 0.00215959437547658074 0.00000000099999999999 
0.39956684921028434720 0.57571904202223622704 0.02471410876747925575 
0.01255694480157508799 0.98744305419842492988 0.00000000099999999998 
0.00000000099999999997 0.99999999800000005656 0.00000000099999999997 
0.02648022117822196320 0.97351977782177800957 0.00000000099999999999 
0.00000000099999999999 0.75557953665135191290 0.24442046234864811538 
0.43906901426813138567 0.56056395370716571858 0.00036703202470299040 
0.43101113060093493301 0.56457745733119679699 0.00441141206786823878 
0.00000000099999999996 0.99999999800000005656 0.00000000099999999996 
0.00000000100000000000 0.02054108568208503488 0.97945891331791490320 
0.00000000099999999995 0.99999999800000005656 0.00000000099999999995 
0.00382576471917603312 0.00801057256463836784 0.98816366271618549799 
0.00007228448837446812 0.99992771451162554275 0.00000000099999999999 
0.94054576069671980143 0.05804742410682442455 0.00140681519645578616 
0.00000000099999999997 0.99999999800000005656 0.00000000099999999997 
0.09979421028694154816 0.03185671844556944160 0.86834907126748905881 
0.58612690969689074105 0.28818343661317302740 0.12568965368993625931 
0.00000000099999999999 0.74590230833245041442 0.25409769066754966937 
0.00001240669993566218 0.06448169110366186452 0.93550590219640250567 
0.00000000100000000000 0.73481350468135886445 0.26518649431864116384 
0.00154832798784933028 0.00000000099999999999 0.99845167101215059891 
0.05502011960440279098 0.00000020581055729367 0.94497967458503995264 
0.21336451722195245995 0.77137966990428341596 0.01525581287376411715 
0.00000000099999999998 0.77188396900720723792 0.22811602999279267934 
0.42541451124478907309 0.54065336398820695862 0.03393212476700398911 
0.37772262982618598492 0.58477506203395479556 0.03750230813985918482 
0.00000000099999999995 0.00000000099999999995 0.99999999799999994554 
0.00000000099999999996 0.00000000099999999996 0.99999999799999994554 
0.00000000099999999998 0.00000000099999999998 0.99999999800000005656 
0.00000000099999999998 0.99999999800000005656 0.00000000099999999998 
0.00000000099999999997 0.99999999800000005656 0.00000000099999999997 
0.00000000099999999999 0.77804781138915923844 0.22195218761084095638 
0.00000000099999999994 0.00000000099999999994 0.99999999800000005656 
0.00000000099999999999 0.73087301910255186854 0.26912697989744810423 
0.00000000099999999999 0.77096196691626939224 0.22903803208373063605 
0.00000000099999999998 0.76570528741918164606 0.23429471158081829896 
0.03775600592610869888 0.00000512319448706449 0.96223887087940418450 
0.00000000099999999997 0.00000000099999999997 0.99999999800000005656 
0.00000000099999999998 0.00000000099999999998 0.99999999799999994554 
0.00000000099999999998 0.00000000221076039895 0.99999999678923956470 
0.00000000099999999995 0.00000000099999999995 0.99999999800000005656 
0.00000000099999999999 0.75788731131274800212 0.24211268768725191514 
0.05841219919190172860 0.14640134131776816329 0.79518645949033006648 
0.00000000099999999995 0.99999999800000005656 0.00000000099999999995 
0.04546972058734453925 0.00000000099999999999 0.95453027841265536413 
0.03479727662604850669 0.03191787705600172137 0.93328484631794983439 
0.00000000099999999998 0.00000000099999999998 0.99999999800000005656 
0.04112789363909879342 0.04993347303560859846 0.90893863332529256649 
0.35451316097415680462 0.62484586224030169710 0.02064097678554157808 
0.29464666548098145116 0.70535333351901852161 0.00000000099999999998 
0.93026728054951257629 0.03095221517126494487 0.03878050427922252047 
0.95229885584108153740 0.03652212067707834298 0.01117902348184004503 
0.35752709299417106958 0.64247290600582884768 0.00000000099999999997 
0.29597124379173767039 0.70402875520826224687 0.00000000099999999998 
0.31431129657742318262 0.68568870242257673464 0.00000000099999999998 
0.32517478981073189015 0.67482520918926813813 0.00000000099999999997 
0.96596289732910622927 0.02372484495774898269 0.01031225771314476895 
0.36921839806747402957 0.63078160093252599872 0.00000000100000000000 
0.33119708359516675245 0.66880291540483316481 0.00000000099999999998 
0.92566993161068145124 0.01992717416881939832 0.05440289422049920248 
0.98882317178987311213 0.00489964407437659590 0.00627718413575031626 
0.27861143016396305860 0.72138856883603685866 0.00000000099999999999 
0.33973419298748458450 0.66026580601251538827 0.00000000099999999997 
0.33809859965303096230 0.66190139934696889945 0.00000000099999999998 
0.30283143061088180215 0.69716856838911800409 0.00000000099999999998 
0.45679667131853368689 0.54320332768146628588 0.00000000099999999999 
0.34306022678332914744 0.65693977221667065880 0.00000000099999999999 
0.35599962878246788067 0.64400037021753198108 0.00000000099999999998 
0.33957005537097634251 0.66042994362902351924 0.00000000099999999998 
0.35119292505837046425 0.64880707394162961954 0.00000000099999999998 
0.32947078290721371063 0.67052921609278615112 0.00000000100000000000 
0.28158453865394433846 0.71841546034605563431 0.00000000099999999997 
0.27066525863416990294 0.72933474036583012534 0.00000000099999999999 
0.30013055247300463035 0.69387111806365653344 0.00599832946333869917 
0.28461084463324404226 0.71538915436675576398 0.00000000099999999998 
0.35294475996407592699 0.64705523903592410129 0.00000000099999999999 
0.34871733747250804880 0.65128266152749192397 0.00000000099999999998 
0.37560303436605479988 0.62439696463394511738 0.00000000099999999999 
0.34323738311755053187 0.65676261588244944090 0.00000000099999999999 
0.95525559702207951673 0.04456793692779598137 0.00017646605012445717 
0.40072881190910486504 0.59927118709089510773 0.00000000099999999998 
0.35334705983039055299 0.64665293916960930876 0.00000000099999999999 
0.42731873041616208475 0.57268126858383794353 0.00000000100000000000 
0.38691622160991345769 0.61308377739008634855 0.00000000099999999998 
0.29375325539362073801 0.70624674360637929027 0.00000000099999999999 
0.39304819081694097882 0.60695180818305904946 0.00000000100000000000 
0.31992342406954760170 0.68007657493045226005 0.00000000099999999999 
0.40214674402107825069 0.59785325497892161106 0.00000000099999999998 
0.40853628914997486277 0.59146370985002494347 0.00000000099999999997 
0.35487619903298922575 0.64512379996701074703 0.00000000099999999999 
0.91520306211077762093 0.08170273600189773000 0.00309420188732471456 
0.24922848586990023478 0.74383531244156841922 0.00693620168853147957 
0.33584704050090419258 0.66415295849909572468 0.00000000099999999998 
0.28908814375158325971 0.71091185524841682408 0.00000000099999999999 
0.39446795908640497341 0.59586682924334843925 0.00966521167024652315 
0.41694748199489845009 0.58305251700510141166 0.00000000099999999999 
0.32780330195685231098 0.67219669704314755077 0.00000000099999999998 
0.35474969315511772905 0.64525030584488218821 0.00000000099999999998 
0.42262042155128254350 0.57737957744871748478 0.00000000099999999999 
0.38142329968909194360 0.61857669931090797366 0.00000000099999999999 
0.36092345535956499303 0.63907654364043497974 0.00000000099999999999 
0.37469755980931346295 0.62530243916117711489 0.00000000102950948056 
0.33503464016297290762 0.66496535883702700964 0.00000000099999999998 
0.41055900325382771454 0.58944099574617225823 0.00000000099999999999 
0.32153537725326480912 0.64780453031677631692 0.03066009242995881845 
0.32442392369701228416 0.67557607530298757759 0.00000000099999999999 
0.35483626151868280507 0.64516373748131716770 0.00000000099999999999 
0.28832523692645056768 0.71167476207354951612 0.00000000099999999999 
0.36677053591650760067 0.63322946308349248312 0.00000000099999999999 
0.32049192704008688803 0.67950807195991314025 0.00000000099999999999 
0.98361563212105007636 0.01638436687894978538 0.00000000100000000000 
0.90487564770076578391 0.09512435129923431376 0.00000000099999999999 
0.33323925317041774852 0.66676074582958222425 0.00000000099999999998 
0.33974989627473795029 0.66025010272526185595 0.00000000099999999999 
0.33048769005556571932 0.66951230894443436448 0.00000000099999999998 
0.34820553408204080181 0.65179446491795911545 0.00000000099999999998 
0.36535948108821086899 0.63464051791178899276 0.00000000099999999999 
0.95139677402933930939 0.04860322497066056624 0.00000000099999999999 
0.94227850426625892055 0.02860612472271006901 0.02911537101103101391 
0.29439008511214825869 0.70560991388785165856 0.00000000099999999998 
0.96594266685396024119 0.01563925435389902641 0.01841807879214078791 
0.95387619487595154411 0.04129041950281814310 0.00483338562123034401 
0.33691601309201790748 0.66308398590798200978 0.00000000099999999999 
0.37580046799076871622 0.62419953100923120104 0.00000000099999999999 
0.35400309263257095926 0.64599690636742901351 0.00000000100000000000 
0.00000000100000000000 0.34173209172838642234 0.65826790727161355044 
0.09082451399883516296 0.00000408947756101124 0.90917139652360379198 
0.05334552449876355656 0.00000000222864931038 0.94665447327258711585 
0.07786777965112820499 0.02383922464621484466 0.89829299570265686015 
0.06462211971034133307 0.00208321227896682585 0.93329466801069183024 
0.03996947499024217088 0.00510834350347116883 0.95492218150628660478 
0.38612077185559334769 0.59984630920858594827 0.01403291893582077517 
0.00000000099999999998 0.00001354578326030037 0.99998645321673962361 
0.04242741597613797211 0.01597674555699825708 0.94159583846686378816 
0.37814837056651984248 0.62185162843348007478 0.00000000099999999999 
0.47974469083438764372 0.52025530816561227354 0.00000000099999999999 
0.37718291107030677001 0.58237318236249857595 0.04044390656719466792 
0.98420859410919081522 0.00596769035404976205 0.00982371553675943920 
0.37794092323006994727 0.49907663784509953553 0.12298243892483048945 
0.37663167082680876208 0.50006818526084106935 0.12330014391235033511 
0.46492104799600780796 0.50696992139991325921 0.02810903060407900916 
0.47338752355164370744 0.42340828576726613486 0.10320419068109003280 
0.23730292548164197419 0.19923499005647996030 0.56346208446187817653 
0.00000000099999999996 0.99999999799999994554 0.00000000099999999996 
0.37852407415562439041 0.59213036950096264999 0.02934555634341291103 
0.98597725552959647466 0.01402274347040345995 0.00000000099999999999 
0.44795243980727478261 0.55204755919272519016 0.00000000099999999999 
0.00000000099999999997 0.99999999799999994554 0.00000000099999999997 
0.11918872141148763311 0.00000000099999999998 0.88081127758851240905 
0.45607232792170665503 0.53868931163825617414 0.00523836044003731047 
0.42367932729473206654 0.55633231828103779648 0.01998835442423007799 
0.91502631891121910535 0.05005281481728219434 0.03492086627149875583 
0.10189981086913373065 0.00000000354753900445 0.89810018558332727068 
0.04651331363930402696 0.00000000208942797529 0.95348668427126792579 
0.45886758181326792183 0.51523958361121668936 0.02589283457551539921 
0.40234243041934253382 0.52653237475822811664 0.07112519482242944668 
0.39409722243129424735 0.60590269753250414198 0.00000008003620174577 
0.11509962292098474546 0.00959885368570044528 0.87530152339331479538 
0.00000000099999999999 0.72916371114542599674 0.27083628785457392052 
0.09284808167220140462 0.02961796596303883922 0.87753395236475972840 
0.41616389967572081643 0.56185629901699685185 0.02197980130728238377 
0.00000000099999999998 0.99999999800000005656 0.00000000099999999998 
0.00000000099999999999 0.72647752982696456314 0.27352246917303546514 
0.42180829499726840703 0.55386766690805921964 0.02432403809467238373 
0.41375751532964938351 0.57576648487204540316 0.01047599979830532088 
0.45061590663270517654 0.53598137612171070643 0.01340271724558420550 
0.00000000099999999997 0.00000000099999999997 0.99999999799999994554 
0.05814137914360344855 0.04846815501112704955 0.89339046584526948802 
0.92267617007588809130 0.04596989599369411678 0.03135393393041773641 
0.54886979721601059090 0.00000000099999999999 0.45113020178398943738 
0.00000000099999999997 0.00000000099999999997 0.99999999799999994554 
0.43691568284771914454 0.52784726510622481666 0.03523705204605614288 
0.00000000099999999996 0.00000000099999999996 0.99999999799999994554 
0.00000000100000000000 0.00000003698900931887 0.99999996201099061732 
0.00000000099999999998 0.00000000099999999998 0.99999999800000005656 
0.08136775840033767804 0.00000000099999999999 0.91863224059966219759 
0.00000000099999999997 0.00000000099999999997 0.99999999800000005656 
0.00000000099999999996 0.00000000099999999996 0.99999999800000005656 
0.67142369991691441822 0.32857629908308555455 0.00000000099999999999 
0.08485643632479009102 0.01962605783284537136 0.89551750584236444741 
0.00989875813663629658 0.00588631028378226295 0.98421493157958139797 
0.00388879748658123824 0.00000000099999999998 0.99611120151341880913 
0.06006078412026472080 0.00000000100000000000 0.93993921487973519646 
0.00000000099999999998 0.00000000099999999998 0.99999999800000005656 
0.04971657561570593659 0.00000000100000000000 0.95028342338429394598 
0.07426038259353111293 0.00000000099999999999 0.92573961640646895699 
0.00000000099999999999 0.00000000099999999999 0.99999999799999994554 
0.00000000099999999999 0.00000000099999999999 0.99999999800000005656 
0.01110146962888257371 0.95847159832270856228 0.03042693204840882931 
0.04752925389791603367 0.00000000100000000000 0.95247074510208395992 
0.00000000099999999999 0.03440011135244557677 0.96559988764755455559 
0.00000000099999999996 0.99999999800000005656 0.00000000099999999996 
0.39756446913769427631 0.58151692186967063325 0.02091860899263509738 
0.04655994420144875939 0.01086317062530683421 0.94257688517324444977 
0.00000000099999999999 0.99818217154233568333 0.00181782745766440393 
0.04601263910715261418 0.95398735989284744186 0.00000000099999999999 
0.00000000100000000000 0.97595977432777447635 0.02404022467222556234 
0.96101411828078275867 0.00329427676167429791 0.03569160495754286622 
0.38175242976619611079 0.60400560205346365272 0.01424196818034023822 
0.39143057267174841130 0.50468652362087629282 0.10388290370737533752 
0.91172006316286635652 0.08827976476039708920 0.00000017207673655972 
0.34840200448706931668 0.62042815757911928820 0.03116983793381145409 
0.00000000099999999995 0.99999999800000005656 0.00000000099999999995 
0.37857822091227344430 0.62142177808772647296 0.00000000099999999998 
0.38636482695963686451 0.60517969149459416300 0.00845548154576896034 
0.00456417537771964480 0.91723103582303899817 0.07820478879924128157 
0.61125930257252125699 0.20802890343769697701 0.18071179398978176600 
0.33712040246652713593 0.53887608455867197499 0.12400351297480091683 
0.98628859734482321464 0.01371140165517679629 0.00000000100000000000 
0.00000000100000000000 0.99180509549085626997 0.00819490350914372188 
0.45461508782755999380 0.54428304021366857857 0.00110187195877137559 
0.38394292061371743108 0.61605707838628254169 0.00000000100000000000 
0.94651421358457055177 0.05348578541542938630 0.00000000099999999998 
0.47052111201675655971 0.51565530888444721658 0.01382357909879632432 
0.38810698035138779804 0.61189261125077265557 0.00000040839783966128 
0.84230493685453711183 0.08382278517048398492 0.07387227797497884774 
0.02390808219079663260 0.97609191680920326384 0.00000000099999999998 
0.96826418212916187667 0.00000000111425083419 0.03173581675658739693 
0.38758317372932604705 0.61237209196876962736 0.00004473430190432040 
0.00000000099999999998 0.00000000099999999998 0.99999999799999994554 
0.00000000099999999994 0.00000000099999999994 0.99999999800000005656 
0.05343136268991383747 0.00374272100068286703 0.94282591630940326688 
0.06500261175699834082 0.00000000246774062284 0.93499738577526103622 
0.00016420557939720020 0.93881117233917799059 0.06102462208142482580 
0.12855104031778560869 0.00000000099999999999 0.87144895868221450286 
0.06202568146243756658 0.00000000100000000000 0.93797431753756232986 
0.00000000099999999999 0.87533471007065621894 0.12466528892934375383 
0.15724648593226231430 0.04903206920583146056 0.79372144486190610024 
0.00000000099999999998 0.00000000099999999998 0.99999999800000005656 
0.00024249416912682498 0.83473099714388721004 0.16502650868698609532 
0.43907336859881768154 0.55280062953554898186 0.00812600186563325333 
0.00066171420037682601 0.99933828479962305558 0.00000000100000000000 
0.91568439509422006051 0.07778789316157702638 0.00652771174420301980 
0.43958579463594238401 0.55384368831480745854 0.00657051704925016872 
0.05796542579200412992 0.00001237189701954291 0.94202220231097633096 
0.03454775602757970826 0.16267055718544420895 0.80278168678697603422 
0.04796313634848748536 0.03559206537809799648 0.91644479827341451816 
0.03047583780177979401 0.02591839234713127008 0.94360576985108901571 
0.08212901387027793376 0.00440281812666626186 0.91346816800305585815 
0.06265438356800551167 0.00000409838355583524 0.93734151804843868216 
0.40995850816144951967 0.56403164855748688655 0.02600984328106349316 
0.94305771948986760744 0.04518510917931768678 0.01175717133081470231 
0.41829319960143085400 0.57326264752740319075 0.00844415287116591362 
0.36429477252143449562 0.59946196929979500556 0.03624325817877053352 
0.94177494603362865710 0.05822505296637119770 0.00000000099999999999 
0.00000000099999999997 0.99999999799999994554 0.00000000099999999997 
0.00000000099999999998 0.99999999800000005656 0.00000000099999999998 
0.45376247299496075271 0.53037753220952676969 0.01585999479551238392 
0.43136755881391641854 0.55077616215621572060 0.01785627902986777066 
0.37049044536341346756 0.62950955363658656072 0.00000000100000000000 
0.01839791396786011335 0.98160208503213985942 0.00000000099999999999 
0.00004023426150609796 0.98892942796514204939 0.01103033777335183166 
0.41763922370290562647 0.57845460371195722704 0.00390617258513716167 
0.99999986415016051122 0.00000013484983954190 0.00000000100000000000 
0.38294852272163298901 0.56391470953951861045 0.05313676773884840748 
0.00000000099999999998 0.99999999799999994554 0.00000000099999999998 
0.41268463528503057658 0.58731528012140177264 0.00000008459356773193 
0.09617799711795253781 0.00676970348326955650 0.89705229939877795253 
0.14331472057499863859 0.85668527842500141745 0.00000000099999999999 
0.05073113394957689398 0.05816175819496788302 0.89110710785545532708 
0.00000000099999999996 0.99999999800000005656 0.00000000099999999996 
0.43904507419586052963 0.54545107018862015735 0.01550385561551935291 
0.39549494015827096893 0.59339463011590110053 0.01111042972582801901 
0.00000000099999999998 0.99999999800000005656 0.00000000099999999998 
0.40570538137006978419 0.59429461762993018858 0.00000000099999999999 
0.31817274854389998584 0.46896754615849201020 0.21285970529760792069 
0.00000000099999999999 0.99942460824277512543 0.00057539075722500314 
0.42127456420184999919 0.53417753915649568430 0.04454789664165431651 
0.00000000099999999999 0.00004240748349198269 0.99995759151650809304 
0.00000000099999999998 0.73105773820675268304 0.26894226079324728973 
0.00088268016658633180 0.00016255141736757679 0.99895476841604602392 
0.03118659300182093780 0.02230946940847522084 0.94650393758970374769 
0.05343907126861765361 0.00788319962545715180 0.93867772910592517377 
0.05655237531858143402 0.00986650105023007852 0.93358112363118850308 
0.08602611634235327043 0.02059481947770123653 0.89337906417994550345 
0.06626255014806844978 0.04473636967388939373 0.88900108017804224669 
0.06583789594265126999 0.00000000099999999999 0.93416210305734881381 
0.00000000099999999998 0.99999999799999994554 0.00000000099999999998 
0.06532784540094287162 0.01360061413968589872 0.92107154045937122966 
0.00000000099999999999 0.76752011686965360138 0.23247988213034651017 
0.02897074805165698180 0.00000000099999999999 0.97102925094834302566 
0.00000000099999999996 0.00000000099999999996 0.99999999799999994554 
0.45604819154638837064 0.54395180745361160213 0.00000000099999999999 
0.00000000099999999998 0.00000000099999999998 0.99999999799999994554 
0.00000000099999999997 0.00000000099999999997 0.99999999799999994554 
0.05125089347387973282 0.02758454918788976959 0.92116455733823054963 
0.08340941523703822302 0.01600053489215556152 0.90059004987080626403 
0.01903810858309725254 0.00000000099999999999 0.98096189041690262655 
0.00000000099999999996 0.00000000099999999996 0.99999999799999994554 
0.06808130153825753261 0.00000000100000000000 0.93191869746174249567 
0.38791408564174961748 0.61208591335825024426 0.00000000100000000000 
0.08363359869176942296 0.00000458376255053978 0.91636181754567991309 
0.00000000099999999995 0.00000000099999999995 0.99999999800000005656 
0.07660729582138450788 0.03990377415721870630 0.88348893002139672337 
0.03999896142033006891 0.00000000100000000000 0.96000103757966992468 
0.00000000099999999998 0.00000000099999999998 0.99999999800000005656 
0.41394614743729279960 0.58210242825298841307 0.00395142430971883504 
0.00000000099999999998 0.00000000099999999998 0.99999999799999994554 
0.06347501819509561438 0.00000000100000000000 0.93652498080490442778 
0.10894804732910175205 0.01339965781925533082 0.87765229485164297785 
0.07259596998373869792 0.00000000099999999998 0.92740402901626128873 
0.47503021153005686728 0.52496978746994304998 0.00000000100000000000 
0.20273961934994155776 0.00000026578462175906 0.79726011486543668649 
0.07786036453830157134 0.00656512322658204649 0.91557451223511643335 
0.04788796204889717717 0.00000000099999999999 0.95211203695110280254 
0.09303957915087475439 0.01526826580558564295 0.89169215504353960267 
0.00000000100000000000 0.02601920638014713558 0.97398079261985281985 
0.36686472278395115820 0.47799952963572189812 0.15513574758032705470 
0.11740678101882545681 0.00094651400928516701 0.88164670497188946108 
0.00000000099999999995 0.00000000099999999995 0.99999999800000005656 
0.00000000099999999998 0.00000000099999999998 0.99999999799999994554 
0.00000618616543893614 0.01607549572654333805 0.98391831810801777536 
0.21695698475283020645 0.23027070506729266364 0.55277231017987715767 
0.06403418164206059471 0.00000000100000000000 0.93596581735793937806 
0.09066218200354546342 0.36978374397493096737 0.53955407402152366636 
0.27081517771465257738 0.00000000100000000000 0.72918482128534733988 
0.04494378412175819432 0.01512004817244668071 0.93993616770579502262 
0.21635339611343143429 0.18257186662010410627 0.60107473726646454271 
0.04797072002377184008 0.00713566008356575181 0.94489361989266240638 
0.03263511943259754522 0.76457732012231949259 0.20278756044508286505 
0.99923842579299582134 0.00076157320700412888 0.00000000100000000000 
0.05540209164356201671 0.00000000100000000000 0.94459790735643811566 
0.00000000099999999998 0.00000000099999999998 0.99999999799999994554 
0.00000000099999999999 0.00000000099999999999 0.99999999800000005656 
0.00000000099999999996 0.00000000099999999996 0.99999999799999994554 
0.00000000099999999999 0.70874827306933296800 0.29125172593066706028 
0.04791517446128192720 0.03383960407839620849 0.91824522146032172554 
0.03748215313009713168 0.00000000099999999999 0.96251784586990274395 
0.00000000099999999997 0.00000000099999999997 0.99999999800000005656 
0.09279132559233221889 0.00000044915113866835 0.90720822525652911050 
0.00000000099999999997 0.00000000099999999997 0.99999999799999994554 
0.00000000099999999999 0.74541669908024421609 0.25458329991975581219 
0.00000000099999999997 0.00000000099999999997 0.99999999800000005656 
0.00000000099999999997 0.00000000099999999997 0.99999999800000005656 
0.00000000099999999998 0.72564826283964001252 0.27435173616036007127 
0.00000000099999999999 0.72081837997247555361 0.27918161902752447467 
0.06641894120502130072 0.00098513565921401740 0.93259592313576467060 
0.00000000099999999995 0.00000000099999999995 0.99999999799999994554 
0.07313017607467392489 0.00000000099999999999 0.92686982292532615890 
0.00000000099999999998 0.00923090409393233398 0.99076909490606768216 
0.42483642491030559896 0.57516357360249958930 0.00000000148719478747 
0.11093360233077176336 0.00000000100000000000 0.88906639666922826493 
0.96972885040719969396 0.01989913168447311406 0.01037201790832723187 
0.08604407245431323903 0.08519955935864319263 0.82875636818704367936 
0.92727725937510652177 0.06461430249415976712 0.00810843813073367295 
0.45278465150258401239 0.54374199951733026559 0.00347334898008577709 
0.40080532238504457121 0.58634990716226775831 0.01284477045268768609 
0.93790470821840410398 0.02444092153416801624 0.03765437024742796651 
0.97287930404780542659 0.00000000311754590595 0.02712069283464873387 
0.97403998739468589108 0.02596001160531406088 0.00000000100000000000 
0.94220439273851841477 0.03369993402680161038 0.02409567323467997138 
0.96836432127159666194 0.00000000100000000000 0.03163567772840332470 
0.99201914721652406648 0.00780420173244493736 0.00017665105103103766 
0.03690947986123364194 0.03146193948559104780 0.93162858065317533107 
0.17473008165660475211 0.06197589488494396198 0.76329402345845132061 
0.08359898366348945953 0.00000000099999999999 0.91640101533651052712 
0.45901205562507291225 0.54098794337492706052 0.00000000100000000000 
0.95639965186174114020 0.02286669699073306042 0.02073365114752573346 
0.04631631675146621191 0.00000000099999999999 0.95368368224853383719 
0.74002864051587757821 0.23474053811722167540 0.02523082136690071517 
0.07174491884646201634 0.00924573423006974995 0.91900934692346825106 
0.48070868918118647706 0.51915097135579824084 0.00014033946301541554 
0.88652381874685459717 0.05285762251353297997 0.06061855873961238816 
0.99999999800000005656 0.00000000099999999999 0.00000000099999999999 
0.44211841219269742975 0.55788158680730248751 0.00000000100000000000 
0.96449883957524684686 0.02065533135126672651 0.01484582907348641102 
0.98544366010715378490 0.00000022553642044945 0.01455611435642581268 
0.69679588017571547631 0.28517467533811680092 0.01802944448616780604 
0.33613804903399624457 0.63391604564803194499 0.02994590531797177921 
0.38230425995471500888 0.61682692538626837653 0.00086881465901660613 
0.42212949184087844579 0.57787050715912158250 0.00000000099999999999 
0.51057380583535505458 0.48942619316464491819 0.00000000099999999998 
0.93144633280835731348 0.02180198485431522268 0.04675168233732752282 
0.98753826715283410387 0.00000000100000000000 0.01246173184716596258 
0.94101797490102689903 0.03594683658004033805 0.02303518851893287048 
0.90247556517555282962 0.05056213182452977406 0.04696230299991747958 
0.96248496762999136145 0.02554031082652803708 0.01197472154348060147 
0.94840952535111922028 0.05092527682493757507 0.00066519782394331415 
0.95581601779212599368 0.04418398120787401379 0.00000000099999999999 
0.43429724836665545284 0.56570275063334451993 0.00000000099999999999 
0.45773624174276783538 0.53762175557775060408 0.00464200267948159696 
0.03616951833785787135 0.00000000099999999999 0.96383048066214216387 
0.07538141290370227454 0.02746778092793831713 0.89715080616835940486 
0.02089260675644812049 0.00000000099999999998 0.97910739224355192167 
0.05284203102071172165 0.00000000099999999999 0.94715796797928830664 
0.02668274270699888193 0.02980049036508044744 0.94351676692792063594 
0.04092429536938455015 0.00000000100000000000 0.95907570363061533936 
0.40108467000982811479 0.59197901286305620872 0.00693631712711573461 
0.40822679919505139301 0.59177319980494857976 0.00000000099999999998 
0.97683034861740802857 0.01224560282149153925 0.01092404856110043045 
0.99998293723704356761 0.00001706176295639853 0.00000000099999999999 
0.43694769299471969415 0.56305230600528022311 0.00000000099999999999 
0.95901711141239875946 0.00000000100000000000 0.04098288758760130351 
0.94692440826329205006 0.00221850583113539484 0.05085708590557264097 
0.43847232815635517333 0.56152767084364485495 0.00000000100000000000 
0.93348829715578596211 0.03951077118108973357 0.02700093166312436330 
0.90770739635320063510 0.03686232122172210940 0.05543028242507732489 
0.08244622200306692128 0.00000000099999999999 0.91755377699693296822 
0.47716784746543550177 0.52283215153456441548 0.00000000099999999999 
0.09049954100290381886 0.00000292532292251546 0.90949753367417363048 
0.67607145690784464787 0.30111690469888890975 0.02281163839326648748 
0.03107115192207922025 0.02013713896405357195 0.94879170911386723208 
0.38933245349358153176 0.59543108896315810608 0.01523645754326036911 
0.98573689216451509942 0.01426310683548494447 0.00000000099999999999 
0.42514633095095943904 0.57485366804904058924 0.00000000100000000000 
0.99596116175567050988 0.00386106826207793753 0.00017776998225144816 
0.38766851650101985527 0.61233148249898017301 0.00000000100000000000 
0.43002450821487592236 0.54680130035505236652 0.02317419143007171806 
0.42466750860726587558 0.56708651831026701817 0.00824597308246720860 
0.98702320148890521079 0.01181617399065037002 0.00116062452044442786 
0.41658861055634505144 0.58341138844365492133 0.00000000100000000000 
0.43746608211023146895 0.56247905146125576348 0.00005486642851264875 
0.75697696937268510453 0.22604481091974726326 0.01697821970756755589 
0.87127223084906635364 0.07285868631394119832 0.05586908283699244110 
0.93727232177096231336 0.02529938900319521691 0.03742828922584260504 
0.84904072305469535653 0.00000000100000000000 0.15095927594530464400 
0.42807593102062069246 0.10989347798587703608 0.46203059099350224370 
0.98848839029571589077 0.00000055222464342323 0.01151105747964072459 
0.98858604138928718452 0.01141395761071265294 0.00000000100000000000 
0.38241645656764144956 0.61758354243235857872 0.00000000100000000000 
0.97224660049241318216 0.00000000099999999999 0.02775339850758672816 
0.99999981005979643456 0.00000010814962714679 0.00000008179057638875 
0.99154510263640438517 0.00000542607844099599 0.00844947128515463435 
0.61441130398480947594 0.36845949792902504827 0.01712919808616557293 
0.99163507993521482486 0.00000000100000000000 0.00836491906478515485 
0.58592521073828740530 0.40322507466522850006 0.01084971459648404433 
0.61448528015137515723 0.38368369733538315591 0.00183102251324176817 
0.87496458621737793759 0.12503156467404558105 0.00000384910857658814 
0.44796287196268586017 0.53236471428351772595 0.01967241375379643123 
0.89290418151910311284 0.08617261775356543918 0.02092320072733144451 
0.88219301317613951774 0.05878045583353080222 0.05902653099032968698 
0.92732852630261408677 0.07267147269738585824 0.00000000099999999999 
0.95646043523213175597 0.01058168086479006030 0.03295788390307822363 
0.94843542124701629703 0.02633232642632470435 0.02523225232665897780 
0.97656714334647964915 0.00000000099999999999 0.02343285565352028199 
0.98953043055571654474 0.00650242396029422805 0.00396714548398928706 
0.78334166850347319855 0.07170408090029997683 0.14495425059622676911 
0.62831741959717424262 0.00035105510327750836 0.37133152529954821519 
0.28967994560593302023 0.04335168096854496306 0.66696837342552195427 
0.31075528704903904176 0.01849493136724299908 0.67074978158371800774 
0.34402716865271432134 0.00263628314272780712 0.65333654820455788759 
0.53146769111763680904 0.00003763112287211782 0.46849467775949110715 
0.39642898784943259027 0.00000449349500142523 0.60356651865556598668 
0.26424158770957301146 0.02615332241725509127 0.70960508987317183482 
0.69239661361484627911 0.03827983097988454236 0.26932355540526925486 
0.90860255151940971796 0.00000979126120027018 0.09138765721939003106 
0.55732959217018129827 0.01190398516450972763 0.43076642266530901226 
0.39231014632331773218 0.00001429570379880305 0.60767555797288352881 
0.81276283260889314874 0.00000158532126623854 0.18723558206984058927 
0.55171621127041570176 0.02366364515854440728 0.42462014357103994300 
0.63623567719499063422 0.03837138975570050792 0.32539293304930883011 
0.73048568516888168212 0.01064034234086459925 0.25887397249025378976 
0.43713161577202203079 0.00006577957444307067 0.56280260465353493249 
0.85211226488224900422 0.00011393371219030381 0.14777380140556078958 
0.50444390244920156441 0.02810893618783974826 0.46744716136295877407 
0.61922643542828337271 0.10393871037105288646 0.27683485420066383798 
0.70251574878880163055 0.01689965855726646010 0.28058459265393193016 
0.28706427368584602755 0.04607723175519744252 0.66685849455895651605 
0.78292682903101473713 0.01440895743152381843 0.20266421353746150169 
0.76441779876562743201 0.02902179719131019880 0.20656040404306250102 
0.74751547969128762094 0.04822868330370191220 0.20425583700501048767 
0.75912036421162021327 0.00054529493760783424 0.24033434085077193254 
0.79957721097166389868 0.02604136637554040415 0.17438142265279557575 
0.81784107520392945734 0.02578820776651039037 0.15637071702956020780 
0.78598462760782639158 0.05498568728004914197 0.15902968511212442482 
0.75747749370179673356 0.03248913908252920590 0.21003336721567403278 
0.70703002778884349588 0.00601035153300789014 0.28695962067814861918 
0.74826401109908236009 0.03303871962534940532 0.21869726927556826235 
0.78167381642092226279 0.00168962320155025209 0.21663656037752751504 
0.88735520296291170439 0.06190323193340508540 0.05074156510368323103 
0.79421555112675823462 0.02631809701102368407 0.17946635186221801539 
0.71344384029384566581 0.02761159916098632899 0.25894456054516795662 
0.85109518540540574083 0.03682297083225873763 0.11208184376233555624 
0.88524173174296749700 0.02520563552090027484 0.08955263273613224551 
0.87245307260799764837 0.00009906015833365071 0.12744786723366877124 
0.80888265874887144147 0.00000000100000000000 0.19111734025112864233 
0.62037480633870456526 0.01832872267381307693 0.36129647098748229883 
0.75106448086169252942 0.04837651496507561905 0.20055900417323202500 
0.77876020254463529380 0.01650374038853732322 0.20473605706682745931 
0.75288864236479180470 0.04141676428051728476 0.20569459335469097994 
0.88924880437718289983 0.01836713475626845435 0.09238406086654868399 
0.87148537274909787520 0.02575948440243825896 0.10275514284846382074 
0.74239163183838585702 0.08074274997556271649 0.17686561818605145424 
0.74428778017221652874 0.04088020368469017646 0.21483201614309332950 
0.47236063612660261768 0.06844667585349667460 0.45919268801990059670 
0.44993922193132895870 0.05146212957733978938 0.49859864849133123110 
0.71666555177067214899 0.05635599555300903341 0.22697845267631869270 
0.72743341246022152902 0.07044925515270474004 0.20211733238707371707 
0.74724412987491672933 0.03796338737238575539 0.21479248275269757773 
0.74960245108503287259 0.05020204376794393936 0.20019550514702319499 
0.80047273537684227041 0.02240903179424284103 0.17711823282891495102 
0.62990554718881930363 0.05913519633233265543 0.31095925647884797849 
0.73437503852836516494 0.00950625894688746781 0.25611870252474744358 
0.79946864825161978452 0.03510885868734966997 0.16542249306103051776 
0.53101292590255488868 0.00001589699779254033 0.46897117709965252530 
0.87000977136051271810 0.02749402381917163268 0.10249620482031564228 
0.48496737159455283184 0.03262309494122717091 0.48240953346421999726 
0.80762536959447428497 0.03124642536742948742 0.16112820503809632822 
0.79611755497409786297 0.00873991421029488881 0.19514253081560734016 
0.81195685291755148594 0.04131234014464338355 0.14673080693780518602 
0.84862058409763319045 0.00000030295976395981 0.15137911294260283923 
