0.02982548742615333953 0.39252819609034339532 0.44733991978100351439 0.07275769707108824258 0.05754869963141158451 
0.03057226268923812079 0.91617737156913869878 0.00000000100000000000 0.00841258680082261276 0.04483777794080064105 
0.00000000099999999997 0.32567546497921928683 0.67432453202078079801 0.00000000099999999997 0.00000000099999999997 
0.06218517593643709679 0.93781482106356295336 0.00000000099999999998 0.00000000099999999998 0.00000000099999999998 
0.36370733945301458867 0.26521955238523986509 0.37070578664854347828 0.00036732051320209874 0.00000000100000000000 
0.10579321703921756859 0.89420677996078234973 0.00000000099999999999 0.00000000099999999999 0.00000000099999999999 
0.07837060399033597691 0.86444359796011627228 0.02588396214694695802 0.03130183490260068230 0.00000000100000000000 
0.04020226591142319478 0.91196711132752328322 0.00000000100000000000 0.00000000100000000000 0.04783062076105357857 
0.09710082215962125007 0.72445204727836176595 0.01045568761988713638 0.00021104673218611846 0.16778039620994383840 
0.13706690977034000078 0.84447309474937781726 0.00000000099999999999 0.00000000099999999999 0.01845999348028236342 
0.03330522805387742258 0.37334384255196978453 0.51907711757603292035 0.00005335511460920182 0.07422045670351060109 
0.00012077784146213311 0.42182741752266894597 0.56451566971919875382 0.01353613391667028883 0.00000000100000000000 
0.10828099546679313681 0.87914303399907767211 0.00015777761700907304 0.00000000100000000000 0.01241819191712005208 
0.01157616738943003341 0.34051113220152812167 0.63620217855176575128 0.00000000099999999999 0.01171052085727613233 
0.00000000099999999999 0.05900682114429459807 0.00000000099999999999 0.85851609640075798868 0.08247708045494735185 
0.18456298405119403450 0.00000000099999999996 0.81543701294880599484 0.00000000099999999996 0.00000000099999999996 
0.87889763991893599115 0.01448152710754701568 0.10662083097351696126 0.00000000099999999998 0.00000000099999999998 
0.08011356644009513805 0.91988643055990493291 0.00000000099999999998 0.00000000099999999998 0.00000000099999999998 
0.12700303142673941004 0.80403692446158070428 0.03517611064807663751 0.00000000100000000000 0.03378393246360322788 
0.16210260692118388937 0.01102390757602091445 0.82687348350279521458 0.00000000099999999998 0.00000000099999999998 
0.12954395869474044645 0.00000000099999999994 0.87045603830525963840 0.00000000099999999994 0.00000000099999999994 
0.00000000099999999999 0.02603023687718786228 0.00194304085978853382 0.82631429381884102803 0.14571242744418264059 
0.16072071984704761061 0.00000000099999999994 0.83927927715295236322 0.00000000099999999994 0.00000000099999999994 
0.11837033442351412027 0.00000000099999999994 0.88162966257648578416 0.00000000099999999994 0.00000000099999999994 
0.00000000099999999998 0.00000000099999999998 0.00000000099999999998 0.00163179663128939232 0.99836820036871054551 
0.12245978640916110880 0.00000000099999999994 0.87754021059083875400 0.00000000099999999994 0.00000000099999999994 
0.14187489880441697676 0.00000000099999999995 0.85812509819558302482 0.00000000099999999995 0.00000000099999999995 
0.12107987933169393757 0.87892011766830613340 0.00000000099999999998 0.00000000099999999998 0.00000000099999999998 
0.00000000100000000000 0.92505729547309978322 0.00000000100000000000 0.02128391183299122372 0.05365879069390917799 
0.00000000099999999997 0.00000000099999999997 0.00000000099999999997 0.88637910217609383601 0.11362089482390616557 
0.03881360835126599490 0.00000028086113275510 0.00000000100000000000 0.94681554394218492288 0.01437056584541636893 
0.00000000099999999994 0.00000000099999999994 0.00000000099999999994 0.02900326622742060989 0.97099673077257930842 
0.14796019023144901805 0.00000000099999999999 0.71416245501780328819 0.07818922484500887005 0.05968812890573872015 
0.09152198421431341491 0.89342759753672085221 0.00000000099999999999 0.01505041624896578598 0.00000000099999999999 
0.03922220033206132855 0.42356903272160950635 0.08052808461492734493 0.37355508779032797761 0.08312559454107383561 
0.02719445617847181251 0.04234042345229290655 0.00000000100000000000 0.80456694248936788672 0.12589817687986740169 
0.00000000099999999992 0.00000000099999999992 0.00000000099999999992 0.00000000099999999992 0.99999999599999989108 
0.07654680427265114773 0.00000000099999999996 0.92345319272734882610 0.00000000099999999996 0.00000000099999999996 
0.00000000099999999998 0.00000000099999999998 0.00000000099999999998 0.00000000099999999998 0.99999999600000000211 
0.00000003499650882514 0.00000000100000000000 0.00908392626952059072 0.87846152816243250339 0.11245450957153806104 
0.00000000099999999997 0.00000000099999999997 0.00000000099999999997 0.07356218960303101406 0.92643780739696901527 
0.02581387870053025724 0.00000000100000000000 0.00419015805800250930 0.79259538160525966344 0.17740058063620750550 
0.00000000099999999997 0.00000000099999999997 0.00000000099999999997 0.44822662731655865676 0.55177336968344126156 
0.17828843836597640937 0.00000000099999999995 0.82171155863402367547 0.00000000099999999995 0.00000000099999999995 
0.19318504694769073060 0.00000000099999999996 0.80681495005230940976 0.00000000099999999996 0.00000000099999999996 
0.03496857973812995957 0.00000000099999999998 0.67769911360322865335 0.28733230465864134651 0.00000000099999999998 
0.00000000099999999998 0.00000000099999999998 0.72390650756189223181 0.27609348943810774202 0.00000000099999999998 
0.01657654340638796409 0.00530266431453087998 0.02284221532429204365 0.78225235523577907326 0.17302622171901005377 
0.00000000099999999998 0.00000000099999999998 0.00000000099999999998 0.87532742023155030164 0.12467257676844967218 
0.00000000099999999996 0.00000000099999999996 0.00000000099999999996 0.00000900775379655166 0.99999098924620344331 
0.00000000099999999997 0.00000000099999999997 0.00000000099999999997 0.84737127938252720938 0.15262871761747270893 
0.13868032951918995987 0.00000000099999999993 0.86131966748081012497 0.00000000099999999993 0.00000000099999999993 
0.00000000099999999999 0.00000000099999999999 0.04688104893938721540 0.78627191303019838831 0.16684703603041442510 
0.00221991648107549514 0.00003185841311382536 0.00000000099999999999 0.80798079790566057490 0.18976742620015010776 
0.00000000099999999991 0.00000000099999999991 0.00000000099999999991 0.00000000099999999991 0.99999999600000000211 
0.04804391477717814135 0.00000000100000000000 0.72879805432601263426 0.22315802889680927401 0.00000000100000000000 
0.04862025969956624422 0.20404594001666354064 0.00003541061672704071 0.71014076065787701264 0.03715762900916620703 
0.06005931081473440264 0.00000000100000000000 0.67322101683480095602 0.26671967035046467709 0.00000000100000000000 
0.00659537180691387344 0.96303750559479917026 0.00000000100000000000 0.01022168884659931283 0.02014543275168761971 
0.00594582707350753761 0.01526095607149429746 0.00000000100000000000 0.82492334257094579453 0.15386987328405246633 
0.94250883287143782940 0.03381281807717272103 0.02367834705138950613 0.00000000099999999998 0.00000000099999999998 
0.00000000099999999999 0.33785093803011045921 0.64783098035556085925 0.00003713435119832675 0.01428094626313046629 
0.06634313726589813331 0.93365685973410184051 0.00000000099999999998 0.00000000099999999998 0.00000000099999999998 
0.16409686368168727166 0.00000000099999999997 0.83590313331831267440 0.00000000099999999997 0.00000000099999999997 
0.00000000099999999998 0.00000000099999999998 0.00000000099999999998 0.84728273685242627700 0.15271726014757369683 
0.17975004339291611455 0.00000000099999999996 0.82024995360708397030 0.00000000099999999996 0.00000000099999999996 
0.11049340748127403633 0.00000000099999999996 0.88950658951872596525 0.00000000099999999996 0.00000000099999999996 
0.14942548189637056000 0.83301280568479807442 0.01756171041883134581 0.00000000099999999998 0.00000000099999999998 
0.09807992016778911692 0.78422339965095710923 0.06682065997172555172 0.00142733769423784916 0.04944868251529023484 
0.00000000099999999997 0.35807385626702836756 0.64192614073297160626 0.00000000099999999997 0.00000000099999999997 
0.09281038533936933344 0.90718961166063072366 0.00000000099999999996 0.00000000099999999996 0.00000000099999999996 
0.99898116430952788036 0.00000000152030356706 0.00101883217016867896 0.00000000099999999999 0.00000000099999999999 
0.16379693604828515774 0.00000000099999999995 0.83620306095171492711 0.00000000099999999995 0.00000000099999999995 
0.16478876478225673585 0.00000000099999999995 0.83521123221774329348 0.00000000099999999995 0.00000000099999999995 
0.20535456246161692961 0.00000000099999999997 0.79464543453838321074 0.00000000099999999997 0.00000000099999999997 
0.03338464615344338693 0.00000000099999999999 0.68966892703761528693 0.27694642480894132719 0.00000000099999999999 
0.99999999600000000211 0.00000000099999999997 0.00000000099999999997 0.00000000099999999997 0.00000000099999999997 
0.91673746755227192295 0.03968513131718242465 0.04357739913054571590 0.00000000099999999998 0.00000000099999999998 
0.15048618959713030985 0.00000000099999999993 0.84951380740286974724 0.00000000099999999993 0.00000000099999999993 
0.00000000099999999999 0.00000000099999999999 0.00795649160526273186 0.00000000099999999999 0.99204350539473717951 
0.16125091664720500595 0.00000000099999999993 0.83874908035279505114 0.00000000099999999993 0.00000000099999999993 
0.00000000099999999997 0.00000000099999999997 0.00000000099999999997 0.00000000099999999997 0.99999999599999989108 
0.17864508780346780026 0.00000000099999999997 0.82135490919653231234 0.00000000099999999997 0.00000000099999999997 
0.08992948061316621833 0.86860303380248315985 0.03790252034586488739 0.00356391241741867105 0.00000105282106704957 
0.17116610971458046109 0.00000000099999999995 0.82883388728541962376 0.00000000099999999995 0.00000000099999999995 
0.02497674125185449581 0.05130274014261129029 0.02404144784526935155 0.72116182672738249337 0.17851724403288235510 
0.31257284747162200622 0.43908568003741593744 0.12136742617586837589 0.00309172669614708826 0.12388231961894669020 
0.00231654852411103352 0.00000000099999999999 0.71281251711004611771 0.20093695264103553222 0.08393398072480727501 
0.01718889530373236829 0.00000000100000000000 0.02988086185449792889 0.78888474546461129222 0.16404549637715845622 
0.04953284347142645344 0.00000000099999999999 0.66453510771725743389 0.28593204681131600964 0.00000000099999999999 
0.00000000099999999994 0.00000000099999999994 0.00000000099999999994 0.00000000099999999994 0.99999999599999989108 
0.00375487436355052308 0.00000013033280014675 0.00000000099999999999 0.89235654710460521333 0.10388844719904404001 
0.56820393177593042644 0.00001195203455122764 0.41110460336131654513 0.01627521839296929701 0.00440429443523262642 
0.03903708479412716648 0.00000000099999999998 0.70860067418019045959 0.25236223902568233335 0.00000000099999999998 
0.99999376925176985953 0.00000000099999999999 0.00000000099999999999 0.00000093214750195804 0.00000529660072836481 
0.97497038481615050376 0.00000000099999999998 0.00000000099999999998 0.02502961218384942496 0.00000000099999999998 
0.00000000099999999988 0.00000000099999999988 0.00000000099999999988 0.00000000099999999988 0.99999999599999989108 
0.00000000099999999991 0.00000000099999999991 0.00000000099999999991 0.00000000099999999991 0.99999999600000000211 
0.00000000099999999995 0.00000000099999999995 0.00000000099999999995 0.06375406771912138504 0.93624592928087868593 
0.21393202203099656589 0.00000000099999999994 0.78606797496900338018 0.00000000099999999994 0.00000000099999999994 
0.14975224169720743883 0.00000000099999999994 0.85024775530279261826 0.00000000099999999994 0.00000000099999999994 
0.00050491571953714437 0.00000000099999999999 0.74366795477478897514 0.25582712750567376814 0.00000000099999999999 
0.00000000099999999989 0.00000000099999999989 0.00000000099999999989 0.95818120519969396387 0.04181879180030594056 
0.05451077608610976205 0.00000000099999999998 0.66205541045318561100 0.28343381146070451004 0.00000000099999999998 
0.05825400898131292970 0.00000000099999999999 0.69573714635223560254 0.24600884266645126064 0.00000000099999999999 
0.07295887876426304652 0.00000000099999999998 0.67677402598216607199 0.25026709290641185879 0.00000000134715906152 
0.00000000099999999998 0.00000000099999999998 0.00000000099999999998 0.88047132408568162809 0.11952867291431842900 
0.00000000099999999996 0.00000000099999999996 0.00000000099999999996 0.00000000099999999996 0.99999999600000000211 
0.00000000099999999995 0.00000000099999999995 0.00000000099999999995 0.00000000099999999995 0.99999999600000000211 
0.00000000099999999994 0.00000000099999999994 0.00000000099999999994 0.96065073833716130292 0.03934925866283866397 
0.00000000099999999989 0.00000000099999999989 0.00000000099999999989 0.88835119602639422975 0.11164880097360564692 
0.01610492312552475394 0.00000000099999999999 0.72527327974228561480 0.20097633059759209551 0.05764546553459774098 
0.15428785774438416589 0.00003234249045471036 0.04333022931097109398 0.62278962105812829542 0.17955994939606173544 
0.19793084862624768516 0.00000000099999999991 0.80206914837375231642 0.00000000099999999991 0.00000000099999999991 
0.00000000099999999996 0.03840340248659983996 0.00000000099999999996 0.00000000099999999996 0.96159659451340007141 
0.00000000100000000000 0.02217444174051896172 0.02566438207330214508 0.77917319283316066603 0.17298798235301815485 
0.00000000099999999994 0.00000000099999999994 0.00000000099999999994 0.92321490580067022691 0.07678509119932964977 
0.04768840565895175049 0.00455176766447736112 0.01231401628933895959 0.72334278538260265989 0.21210302500462929753 
0.00000000099999999999 0.32714359177858087779 0.64861487828926400745 0.02424152793215499438 0.00000000099999999999 
0.00000000099999999996 0.27615531626293671197 0.72384468073706320634 0.00000000099999999996 0.00000000099999999996 
0.11443725647217593833 0.84538153188430331664 0.00000011062999035122 0.01746521810154086363 0.02271588291198952878 
0.12114584127527067148 0.86553500249388315435 0.00000000137695217749 0.00004139770703128272 0.01327775714686257706 
0.00000000099999999993 0.32788410767009074087 0.67211588932990928846 0.00000000099999999993 0.00000000099999999993 
0.00000000099999999995 0.26257028450026037580 0.73742971249973965353 0.00000000099999999995 0.00000000099999999995 
0.00000000099999999996 0.29550475501275563772 0.70449524198724444712 0.00000000099999999996 0.00000000099999999996 
0.00000000099999999994 0.31558710749311785770 0.68441288950688217163 0.00000000099999999994 0.00000000099999999994 
0.08369439282035970318 0.88682909800709441850 0.00006414394398837221 0.00000000099999999999 0.02941236422855763102 
0.00396518623970614891 0.35321139468501994152 0.64282341707527390628 0.00000000100000000000 0.00000000100000000000 
0.00000000099999999995 0.30743229043390574162 0.69256770656609423220 0.00000000099999999995 0.00000000099999999995 
0.07767841341927483878 0.84671147662114665255 0.00901987139725931794 0.00000000099999999999 0.06659023756231921554 
0.11702421696941678331 0.86299605076507712731 0.00000000099999999999 0.00000000099999999999 0.01997973026550623962 
0.00000000099999999998 0.26500507166285552918 0.73499492533714461118 0.00000000099999999998 0.00000000099999999998 
0.00000000099999999994 0.31582958477395045582 0.68417041222604957351 0.00000000099999999994 0.00000000099999999994 
0.00000000099999999994 0.30993850426470498372 0.69006149273529504562 0.00000000099999999994 0.00000000099999999994 
0.00000000099999999997 0.28906297438656752830 0.71093702261343250104 0.00000000099999999997 0.00000000099999999997 
0.00000000099999999997 0.41377347914520318239 0.58622651785479673592 0.00000000099999999997 0.00000000099999999997 
0.00000000099999999997 0.31619939477538161476 0.68380060222461847008 0.00000000099999999997 0.00000000099999999997 
0.00000000099999999994 0.32876175979415916961 0.67123823720584097074 0.00000000099999999994 0.00000000099999999994 
0.00000000099999999995 0.31332567340895250974 0.68667432359104751960 0.00000000099999999995 0.00000000099999999995 
0.00000000099999999995 0.32123956119384011743 0.67876043580615974538 0.00000000099999999995 0.00000000099999999995 
0.00000000099999999999 0.30583710370278949231 0.69416289329721048151 0.00000000099999999999 0.00000000099999999999 
0.00000000099999999992 0.25311979364600506459 0.74688020335399485372 0.00000000099999999992 0.00000000099999999992 
0.00000000099999999998 0.25027308019516236737 0.74972691680483760646 0.00000000099999999998 0.00000000099999999998 
0.00000000100000000000 0.27688486975036674664 0.70737480433319477324 0.01574032391643851239 0.00000000100000000000 
0.00000000099999999995 0.26631572400582897986 0.73368427299417104948 0.00000000099999999995 0.00000000099999999995 
0.00000000099999999997 0.33502806848618205127 0.66497192851381792256 0.00000000099999999997 0.00000000099999999997 
0.00000000099999999994 0.32042410210246458080 0.67957589489753544854 0.00000000099999999994 0.00000000099999999994 
0.00000000099999999996 0.33953152269715491940 0.66046847430284505442 0.00000000099999999996 0.00000000099999999996 
0.00000000099999999996 0.30445977147387182082 0.69554022552612815300 0.00000000099999999996 0.00000000099999999996 
0.13472473754279110092 0.85593769905799765851 0.00000000099999999999 0.00000000099999999999 0.00933756139921133876 
0.00000000099999999994 0.37009932491565600277 0.62990067208434408208 0.00000000099999999994 0.00000000099999999994 
0.00000000099999999996 0.32584382318496118991 0.67415617381503889494 0.00000000099999999996 0.00000000099999999996 
0.00000000099999999998 0.39538867574527403193 0.60114578695995424251 0.00000000099999999998 0.00346553529477167718 
0.00000000099999999994 0.35323311077607433273 0.64676688622392564110 0.00000000099999999994 0.00000000099999999994 
0.00000000099999999998 0.28156275326806234904 0.71843724373193773580 0.00000000099999999998 0.00000000099999999998 
0.00000000099999999999 0.34143248022384797835 0.64740838644647435984 0.01115913132967759520 0.00000000099999999999 
0.00000000099999999997 0.28756507893516702890 0.71243491806483305595 0.00000000099999999997 0.00000000099999999997 
0.00000000099999999994 0.36622145048291188107 0.63377854651708820377 0.00000000099999999994 0.00000000099999999994 
0.00000000099999999993 0.37469593210362489577 0.62530406489637502254 0.00000000099999999993 0.00000000099999999993 
0.00000000099999999997 0.33910125707665805805 0.66089873992334191577 0.00000000099999999997 0.00000000099999999997 
0.13158378321233421548 0.81273510934074411072 0.03960770094715752171 0.01607340549976412833 0.00000000100000000000 
0.00000000100000000000 0.24485190386938690543 0.74277308965799637708 0.01237500447261673069 0.00000000100000000000 
0.00000000099999999995 0.31259884099519547052 0.68740115600480444780 0.00000000099999999995 0.00000000099999999995 
0.00000000099999999997 0.27138032744974055488 0.72861966955025947446 0.00000000099999999997 0.00000000099999999997 
0.00000000099999999999 0.35786659680356325275 0.62860869806710195640 0.01352470312933465833 0.00000000099999999999 
0.00000000099999999997 0.38407900079071310984 0.61592099620928697501 0.00000000099999999997 0.00000000099999999997 
0.00000000099999999995 0.29960757030101164977 0.70039242669898837956 0.00000000099999999995 0.00000000099999999995 
0.00000000099999999996 0.32739533966435885315 0.67260465733564112067 0.00000000099999999996 0.00000000099999999996 
0.00000000099999999999 0.39456720799211819628 0.60543278823284829571 0.00000000099999999999 0.00000000177503350353 
0.00000000099999999997 0.35539523814976753391 0.64460475885023249543 0.00000000099999999997 0.00000000099999999997 
0.00000000099999999996 0.32501462414887355434 0.67498537285112658601 0.00000000099999999996 0.00000000099999999996 
0.00000000099999999998 0.34231851661202272741 0.65768148038797724642 0.00000000099999999998 0.00000000099999999998 
0.00000000099999999997 0.31002259944536875169 0.68997739755463127764 0.00000000099999999997 0.00000000099999999997 
0.00000000099999999996 0.36932426015071556646 0.63067573684928435185 0.00000000099999999996 0.00000000099999999996 
0.00000000099999999999 0.29463809748634217645 0.67480779637159515882 0.01788225588832760560 0.01267184925373503190 
0.00000000099999999997 0.29863661510859595971 0.70136338189140401411 0.00000000099999999997 0.00000000099999999997 
0.00000000099999999996 0.33429843102809897459 0.66570156597190088821 0.00000000099999999996 0.00000000099999999996 
0.00000000099999999998 0.27791970806660032389 0.72208028893339970544 0.00000000099999999998 0.00000000099999999998 
0.00000000099999999996 0.34067358077603843158 0.65932641622396170877 0.00000000099999999996 0.00000000099999999996 
0.00000000099999999996 0.29262628462568263110 0.70737371237431734272 0.00000000099999999996 0.00000000099999999996 
0.06651618509099807564 0.92761939567434481546 0.00586441723465718021 0.00000000099999999999 0.00000000099999999999 
0.11129464738445873917 0.84029877836454625051 0.04840657225099510852 0.00000000099999999998 0.00000000099999999998 
0.00000000099999999995 0.31568436047200326700 0.68431563652799687336 0.00000000099999999995 0.00000000099999999995 
0.00000000099999999997 0.30943792506412132193 0.69056207193587881843 0.00000000099999999997 0.00000000099999999997 
0.00000000099999999995 0.30402623329084943471 0.69597376370915065014 0.00000000099999999995 0.00000000099999999995 
0.00000000099999999995 0.32876148501369040211 0.67123851198630968273 0.00000000099999999995 0.00000000099999999995 
0.00000000099999999998 0.35131193959464684928 0.64868805740535329107 0.00000000099999999998 0.00000000099999999998 
0.10105899914225185965 0.88545715525623314157 0.01348384360151488534 0.00000000099999999998 0.00000000099999999998 
0.12802920074562723629 0.83657944273485373987 0.00000000100000000000 0.03539135451951883060 0.00000000100000000000 
0.00000000099999999997 0.26758605343095703821 0.73241394356904299112 0.00000000099999999997 0.00000000099999999997 
0.09894817730899659047 0.87733088567209871478 0.00000000100000000000 0.00000001469736712351 0.02372092132153762883 
0.08352943814814331458 0.88609639219767166729 0.02501775563271534802 0.00089404907625077214 0.00446236494521897158 
0.00000000099999999999 0.30805470515102095774 0.69194529184897890506 0.00000000099999999999 0.00000000099999999999 
0.00000000099999999998 0.34609517132082096014 0.65390482567917895818 0.00000000099999999998 0.00000000099999999998 
0.00000000099999999999 0.34093637706333290716 0.65906361993666717769 0.00000000099999999999 0.00000000099999999999 
0.07809079873355187495 0.00000000100000000000 0.25963272210076504543 0.15177644213963184527 0.51050003602605142916 
0.03510941570939836442 0.01947927649218869975 0.00000000099999999999 0.89341954551392754880 0.05199176128448535633 
0.00000000099999999999 0.00544832002371540332 0.00000000099999999999 0.77413894993344811724 0.22041272804283645881 
0.02122051761618176657 0.04120656962793089323 0.00170809798687138409 0.82517105730629802807 0.11069375746271795102 
0.00000000099999999999 0.02601383855719054464 0.00754014659677797704 0.82676160901235751233 0.13968440483367389193 
0.00051839776092401811 0.00770462897199793075 0.00000000100000000000 0.92587602353542242106 0.06590094873165563971 
0.99999999600000011313 0.00000000099999999995 0.00000000099999999995 0.00000000099999999995 0.00000000099999999995 
0.00000000099999999993 0.00000000099999999993 0.00000000099999999993 0.00000000099999999993 0.99999999599999989108 
0.02675650509615334210 0.00000014487697276304 0.00000000100000000000 0.88787680733109319853 0.08536654169578074269 
0.96503676952644357190 0.00000000099999999995 0.03496322747355642968 0.00000000099999999995 0.00000000099999999995 
0.96464035952949922503 0.03535963747050074879 0.00000000099999999997 0.00000000099999999997 0.00000000099999999997 
0.94602030713416684904 0.00326201919620468890 0.01509394949051574147 0.00000000100000000000 0.03562372317911289415 
0.10315214205142420045 0.87560524370993209065 0.00000000099999999999 0.00000000099999999999 0.02124261223864385220 
0.59839385047837567733 0.15024968187646789430 0.14270205909105976305 0.08053151333942445977 0.02812289521467230963 
0.18285734156771654702 0.29305539683723524913 0.38345670762455463798 0.00000000100000000000 0.14063055297049370518 
0.99999999600000011313 0.00000000099999999994 0.00000000099999999994 0.00000000099999999994 0.00000000099999999994 
0.48003400871670731664 0.26410853768616932014 0.15770738724710470224 0.02309426230370137736 0.07505580404631745361 
0.06027811468259433592 0.20409009916663356510 0.15997725307971766284 0.01254493350318892399 0.56310959956786543756 
0.13840014560441191160 0.00000000099999999992 0.86159985139558814549 0.00000000099999999992 0.00000000099999999992 
0.12666782035420273700 0.33266978071065406164 0.50889221148694163688 0.03003781934923940855 0.00173236809896215051 
0.03443835989133231523 0.93310389530073289954 0.03245774280793482791 0.00000000099999999999 0.00000000099999999999 
0.89980712972447018938 0.09941765122545591360 0.00077521705007381069 0.00000000099999999998 0.00000000099999999998 
0.18657744845426121882 0.00000000099999999995 0.81342254854573881051 0.00000000099999999995 0.00000000099999999995 
0.00000000099999999998 0.07010800599552208245 0.00000000099999999998 0.82479250826971561850 0.10509948373476241112 
0.95359938992452186746 0.04640060707547819657 0.00000000099999999998 0.00000000099999999998 0.00000000099999999998 
0.92589008237613390495 0.05940398919208291634 0.01470592643178316936 0.00000000099999999998 0.00000000099999999998 
0.11470804616974886181 0.83071547609889784258 0.01719955231425739431 0.02079431376972880330 0.01658261164736710494 
0.00000000100000000000 0.05088176970021666967 0.00973587933088346583 0.84840974222801213145 0.09097260774088762603 
0.00000000099999999999 0.00170720612138256303 0.00682214656275406672 0.86445985337193953502 0.12701079294392370045 
0.91801873732286642937 0.05084916638458271410 0.00996703323989401625 0.00000000099999999999 0.02116506205265690152 
0.91089525722365549676 0.02982145600706255506 0.00000000100000000000 0.02183079050149159053 0.03745249526779034083 
0.90860668330625782296 0.03651764127448126063 0.05487567341926084113 0.00000000099999999996 0.00000000099999999996 
0.02831463358078950901 0.06785609981483257946 0.00000000099999999999 0.77086847886008236230 0.13296078674429556710 
0.07873968877837334013 0.00000000099999999999 0.64152802657400587183 0.21731556403988944171 0.06241671960773145789 
0.00000000100000000000 0.06789675349376207703 0.03243247191720783490 0.77789700240148118571 0.12177377118754886820 
0.99999999600000000211 0.00000000099999999998 0.00000000099999999998 0.00000000099999999998 0.00000000099999999998 
0.16572236842888182773 0.00000000099999999996 0.83427762857111820161 0.00000000099999999996 0.00000000099999999996 
0.07553343669648569791 0.00000000099999999998 0.62994605781679724466 0.29452050348671693358 0.00000000099999999998 
0.98355151319435663027 0.01541176044506036014 0.00000000099999999999 0.00103672436058305901 0.00000000099999999999 
0.99999999600000000211 0.00000000099999999998 0.00000000099999999998 0.00000000099999999998 0.00000000099999999998 
0.90740063729684505844 0.06378074505318286069 0.01949517053925873752 0.00000000099999999999 0.00932344611071327274 
0.00000000099999999991 0.00000000099999999991 0.00000000099999999991 0.00000000099999999991 0.99999999600000000211 
0.09468856393039522257 0.01468908465308743465 0.00000000100000000000 0.05062639927681662766 0.83999595113970060289 
0.06130042038200955723 0.85550934754396990023 0.04224906003199657006 0.00000000100000000000 0.04094117104202390361 
0.02376402485988538330 0.50323584311014857295 0.00000000100000000000 0.44828234212822465343 0.02471778890174133533 
0.00000000099999999993 0.00000000099999999993 0.00000000099999999993 0.02307707077960731434 0.97692292622039267336 
0.97262870543640334020 0.01141524918297972049 0.00000000100000000000 0.00000000100000000000 0.01595604338061714506 
0.00000000099999999992 0.00000000099999999992 0.00000000099999999992 0.00000000099999999992 0.99999999599999989108 
0.00000000099999999998 0.00000000099999999998 0.00000000099999999998 0.00000000099999999998 0.99999999600000000211 
0.00000000099999999992 0.00000000099999999992 0.00000000099999999992 0.00000000099999999992 0.99999999599999989108 
0.00864220071698441547 0.03246658835631821560 0.00000000099999999999 0.79284942927096491161 0.16604178065573246825 
0.00000000099999999992 0.00000000099999999992 0.00000000099999999992 0.00000000099999999992 0.99999999600000000211 
0.00000000099999999994 0.00000000099999999994 0.00000000099999999994 0.07885781224627068375 0.92114218475372922068 
0.53087176882488240626 0.43271213470305724957 0.03641609447206043543 0.00000000099999999999 0.00000000099999999999 
0.00000000099999999999 0.04695421481156199922 0.02423013361522518075 0.71448956601107915798 0.21432608456213372849 
0.00615626977123165386 0.00000000100000000000 0.00000000100000000000 0.35901335437792553096 0.63483037385084262194 
0.00000000099999999995 0.00000000099999999995 0.00000000099999999995 0.00000000099999999995 0.99999999600000000211 
0.00145224846336020692 0.00776610601562162123 0.00000000099999999999 0.99047976382686697683 0.00030188069415117272 
0.00000000099999999994 0.00000000099999999994 0.00000000099999999994 0.00000000099999999994 0.99999999600000000211 
0.00000000099999999999 0.00980255298000273431 0.00000000099999999999 0.89775028734650563766 0.09244715767349168112 
0.00000000099999999998 0.04115151310571662363 0.00000000099999999998 0.88601900082025486505 0.07282948407402842217 
0.00000000099999999997 0.00000000099999999997 0.00000000099999999997 0.05475307796213359224 0.94524691903786650649 
0.00000000099999999996 0.00000000099999999996 0.00000000099999999996 0.00000000099999999996 0.99999999599999989108 
0.29145118916438789158 0.00000000099999999998 0.69607032055636919310 0.00063548607417612151 0.01184300320506666455 
0.00000000099999999998 0.01007715726130363823 0.00879475507116006180 0.79014079906030565414 0.19098728760723074349 
0.00000000099999999999 0.00000000099999999999 0.02306727423023507625 0.05555714419162180451 0.92137557957814320009 
0.15774864713159875151 0.00000000099999999994 0.84225134986840133333 0.00000000099999999994 0.00000000099999999994 
0.92887643203940806202 0.02927677781477560845 0.04184678814581639650 0.00000000099999999998 0.00000000099999999998 
0.00000000099999999999 0.00000000914277287902 0.00847241721948637644 0.97015562389721377023 0.02137194874052706847 
0.17346193769767592752 0.00000000099999999998 0.82653805930232415733 0.00000000099999999998 0.00000000099999999998 
0.15767073928855562803 0.00454520272033471888 0.83778405599110961077 0.00000000099999999998 0.00000000099999999998 
0.22437784513066566516 0.00000000099999999999 0.76134521475130356727 0.01427693811803068188 0.00000000099999999999 
0.08795916120946188632 0.87320884356614836275 0.00000000100000000000 0.03882379881443803055 0.00000819540995177536 
0.00000000100000000000 0.36653903417629218886 0.61411606804332929954 0.00000502819879741621 0.01933986858158117522 
0.01054336272648820350 0.35848036749729750294 0.51270732265001639494 0.06583071253731603845 0.05243823458888184630 
0.07528191057570589317 0.85302780341144479603 0.07169028401284938123 0.00000000100000000000 0.00000000100000000000 
0.99783973144197679606 0.00000000099999999998 0.00000000099999999998 0.00216026555802316519 0.00000000099999999998 
0.13534555711240786602 0.00000000099999999992 0.86465443988759227434 0.00000000099999999992 0.00000000099999999992 
0.00000000099999999996 0.35879807212183467691 0.64120192487816529692 0.00000000099999999996 0.00000000099999999996 
0.02114708470632353440 0.35605226425289121517 0.61291959356285208305 0.00000000099999999999 0.00988105647793330669 
0.22345136531045214912 0.00000000099999999999 0.71386182962076416558 0.05307282878972324758 0.00961397527906051805 
0.17958770604105672719 0.52208294683145772819 0.11250538801550005741 0.15895680320043531486 0.02686715591155018623 
0.77418054865702234935 0.02417378633965631268 0.07952234736148239280 0.08399503519549673947 0.03812828244634217101 
0.08649452797783734048 0.91350546902216267497 0.00000000099999999999 0.00000000099999999999 0.00000000099999999999 
0.14183006535431075257 0.00000000099999999999 0.84963774640845168840 0.00000000099999999999 0.00853218623723745774 
0.97012153765320929821 0.02987845934679086643 0.00000000099999999996 0.00000000099999999996 0.00000000099999999996 
0.97153333838383371113 0.01489714086026358922 0.01356951875590282908 0.00000000099999999998 0.00000000099999999998 
0.12681876486900200973 0.85324786670274621603 0.01993336642825180652 0.00000000099999999997 0.00000000099999999997 
0.93550366294463094263 0.06449633405536901731 0.00000000099999999998 0.00000000099999999998 0.00000000099999999998 
0.02201084029084628135 0.36569748249970340792 0.61229167520945038117 0.00000000100000000000 0.00000000100000000000 
0.07896018233459257962 0.77752480461462059047 0.06062380721302961656 0.00000000100000000000 0.08289120483775727632 
0.22577514508882051691 0.00000000099999999995 0.77422485191117951242 0.00000000099999999995 0.00000000099999999995 
0.10283446848767494042 0.86496634717620857202 0.00000000099999999999 0.02069546516105576911 0.01150371817506086122 
0.91303184042719931490 0.03771698142278513688 0.04925117615001562560 0.00000000099999999998 0.00000000099999999998 
0.00000000099999999995 0.00000000099999999995 0.00000000099999999995 0.00000000099999999995 0.99999999599999989108 
0.00000000099999999984 0.00000000099999999984 0.00000000099999999984 0.00000000099999999984 0.99999999600000000211 
0.00000000100000000000 0.01302103249869026799 0.00245429221494559155 0.93938687696735589938 0.04513779731900827846 
0.00000000099999999999 0.03698029406297385219 0.00000000099999999999 0.81653408091088652832 0.14648562302613962749 
0.16265059775708740064 0.00000000100000000000 0.77963040178263742774 0.03470407009041089064 0.02301492936986436130 
0.00000000099999999999 0.10218592075925277129 0.00000000099999999999 0.77426017017428061529 0.12355390706646671162 
0.00000000099999999999 0.00403910881999953834 0.00000000099999999999 0.94156915790204243066 0.05439173127795810664 
0.16320321309541380161 0.00000000099999999999 0.71390475913475359704 0.00000000099999999999 0.12289202576983254689 
0.10331140368380081762 0.07601057909766992249 0.00000000100000000000 0.68089364469077384712 0.13978437152775530228 
0.00000000099999999992 0.00000000099999999992 0.00000000099999999992 0.00000000099999999992 0.99999999600000000211 
0.21736005555010767809 0.00000000100000000000 0.64131902042920219120 0.00940188950627887307 0.13191903351441119918 
0.91787563908595237727 0.06513675097741968012 0.01698760793662777713 0.00000000099999999998 0.00000000099999999998 
0.17844560633740630395 0.00000000099999999999 0.81855505105166814772 0.00000000099999999999 0.00299934061092560099 
0.14528155203614276370 0.81945668675273841686 0.02515388441411774492 0.00000000100000000000 0.01010787579700102475 
0.94973307394106754042 0.04829634752735082609 0.00000000099999999998 0.00000000099999999998 0.00197057653158170219 
0.00000000099999999999 0.01792261176122369667 0.00000000099999999999 0.92586169153399577869 0.05621569470478053610 
0.04548865755056696880 0.00000000223005424477 0.12694597718682923415 0.71248910969512047053 0.11507625333742924068 
0.00000000099999999999 0.02185511012982961632 0.03365740725679351730 0.82696749765873922566 0.11751998395463765512 
0.02918345360331773414 0.00000000099999999999 0.00000000099999999999 0.88180877934983281641 0.08900776504684949908 
0.03030826503485497397 0.01878704814377538460 0.00000002854533229305 0.81157646345247058672 0.13932819482356670338 
0.00000000099999999999 0.01730745704748291869 0.00000000099999999999 0.82700826055394982550 0.15568428039856715972 
0.86989957373356241455 0.08015768110285827197 0.04994274316357937699 0.00000000099999999999 0.00000000099999999999 
0.06231441584081488794 0.87079864242641324967 0.04377524026589871275 0.00000000100000000000 0.02311170046687318139 
0.96476493877676583466 0.03518336772213300628 0.00005169150110128932 0.00000000099999999998 0.00000000099999999998 
0.96509459232369443349 0.00000000099999999999 0.01370374617980839489 0.02120165949649725420 0.00000000099999999999 
0.06664070622806229915 0.88001061682136683118 0.05334867495057087072 0.00000000099999999999 0.00000000099999999999 
0.13099426404420916326 0.00000000099999999995 0.86900573295579086608 0.00000000099999999995 0.00000000099999999995 
0.14473584678698384054 0.00000000099999999996 0.85526415021301616104 0.00000000099999999996 0.00000000099999999996 
0.97641453927436272497 0.02358545772563722109 0.00000000099999999997 0.00000000099999999997 0.00000000099999999997 
0.99999999600000000211 0.00000000099999999999 0.00000000099999999999 0.00000000099999999999 0.00000000099999999999 
0.99999999600000011313 0.00000000099999999995 0.00000000099999999995 0.00000000099999999995 0.00000000099999999995 
0.19932112205577168229 0.00000000099999999996 0.80067887494422840255 0.00000000099999999996 0.00000000099999999996 
0.21571652650324174560 0.00000000099999999998 0.77542138372281355085 0.00000000099999999998 0.00886208777394472888 
0.99574563095590906681 0.00425436604409105447 0.00000000099999999997 0.00000000099999999997 0.00000000099999999997 
0.04432488369146476981 0.94379205071942828820 0.00197595059016987193 0.00990711399893696998 0.00000000100000000000 
0.89394908934419325952 0.02755808532762120053 0.05092473173023019661 0.02756809259795529876 0.00000000100000000000 
0.15284720889193020854 0.00000000099999999996 0.84715278810806993182 0.00000000099999999996 0.00000000099999999996 
0.97587163773088347885 0.01983180044192600286 0.00429655982719062430 0.00000000099999999997 0.00000000099999999997 
0.00035497661383776438 0.06857434402545224683 0.00593315974551125464 0.78810325386030266603 0.13703426575489616179 
0.17046788966362713680 0.09755935479731193960 0.73197275353906099404 0.00000000099999999999 0.00000000099999999999 
0.08327056810966661227 0.00000000100000000000 0.00000000100000000000 0.88979842247016760481 0.02693100742016577356 
0.17568001530529514520 0.00000000099999999993 0.82431998169470488413 0.00000000099999999993 0.00000000099999999993 
0.98930441316379547079 0.01069558383620467651 0.00000000099999999998 0.00000000099999999998 0.00000000099999999998 
0.99999999600000000211 0.00000000099999999995 0.00000000099999999995 0.00000000099999999995 0.00000000099999999995 
0.17937074028469376930 0.00000000099999999995 0.82062925671530628779 0.00000000099999999995 0.00000000099999999995 
0.96900764629417146523 0.00000000099999999994 0.03099235070582858839 0.00000000099999999994 0.00000000099999999994 
0.61604906438703077587 0.04765973306290158251 0.11961055369493714395 0.11066238600180092200 0.10601826285332946465 
0.19825797114216578421 0.00000000099999999998 0.79518144745447127963 0.00000000099999999998 0.00656057940336303609 
0.92241246785646591189 0.03816579802943198541 0.03164944488675142803 0.00000000100000000000 0.00777228822735062143 
0.00000000099999999998 0.00000000099999999998 0.00000000099999999998 0.08365928280633594394 0.91634071419366414091 
0.02487411115211291684 0.00000000099999999997 0.68528919716808511797 0.28983668967980191766 0.00000000099999999997 
0.00000000099999999995 0.00000000099999999995 0.00000000099999999995 0.89550197595779201798 0.10449802104220799748 
0.00000000099999999999 0.00000000099999999999 0.02675083198241182819 0.90160837185937769966 0.07164079415821039687 
0.00258697357299681211 0.00000000099999999999 0.00000000099999999999 0.95084095898010179138 0.04657206544690132427 
0.02764847520570886882 0.00320541670626481789 0.00000669047329698614 0.85757140519560792757 0.11156801241912127354 
