0.43818784523700748945 0.11108568817842214005 0.03127740869987000877 0.41944905788470027153 
0.00000113465924944989 0.04856428411563974007 0.01235235662757275428 0.93908222459753798450 
0.65509823289470603402 0.00000000099999999999 0.03666283302216437334 0.30823893308312971806 
0.00000000099999999998 0.00000000099999999998 0.00000000099999999998 0.99999999700000008485 
0.58011028392735786152 0.00214234461163990714 0.01623886978492956185 0.40150850167607265995 
0.02760634396686148517 0.00000000099999999999 0.00700355825849809360 0.96539009677464038273 
0.01570417425285944649 0.00000000099999999999 0.06414927149789430294 0.92014655324924621294 
0.00000000100000000000 0.03251627034815742640 0.02025752838026802921 0.94722620027157455880 
0.08928572120489929043 0.14235722063035216589 0.00000003066462208327 0.76835702750012635498 
0.03873523925808950580 0.03003590718345200417 0.01037089665377363516 0.92085795690468486008 
0.55002761079183171145 0.04942607208237624616 0.00033769715074139851 0.40020861997505069452 
0.51947109730781171333 0.01500416134673247456 0.03352835403178104634 0.43199638731367473454 
0.00635728605675049858 0.00000000099999999999 0.04656924304769767542 0.94707346989555185601 
0.64681059237218563318 0.00000000100000000000 0.00000041590174415766 0.35318899072607029543 
0.00000000100000000000 0.89736561913338508401 0.00000005558418538223 0.10263432428242963423 
0.99999999700000008485 0.00000000099999999997 0.00000000099999999997 0.00000000099999999997 
0.66913918417781248493 0.00003055836213511516 0.01683395869378041809 0.31399629876627188629 
0.00000000099999999999 0.00000000099999999999 0.01634966212978813602 0.98365033587021177830 
0.05720371672401473873 0.01410004463560931946 0.04278620830919845769 0.88591003033117754484 
0.95836057426917875546 0.00000000099999999999 0.02548720431398391467 0.01615222041683739285 
0.99999999700000008485 0.00000000099999999994 0.00000000099999999994 0.00000000099999999994 
0.00000000100000000000 0.91561660987380044663 0.02630973139144308567 0.05807365773475654802 
0.99999999699999997382 0.00000000099999999996 0.00000000099999999996 0.00000000099999999996 
0.99999999700000008485 0.00000000099999999993 0.00000000099999999993 0.00000000099999999993 
0.00000000099999999999 0.98127440184747505292 0.01872559615252503834 0.00000000099999999999 
0.96872241576528972384 0.00000000099999999995 0.03127758223471021476 0.00000000099999999995 
0.99998592879884973250 0.00000000099999999996 0.00001406920115037774 0.00000000099999999996 
0.00214015231284640913 0.00000000099999999999 0.00776419949596008057 0.99009564719119358411 
0.00000158132226283448 0.04936238093621245215 0.00010940705780691657 0.95052663068371767707 
0.00000000099999999999 0.96840332364829850853 0.00008133776629829538 0.03151533758540339680 
0.00000000100000000000 0.88470569368538387600 0.05302135649655934091 0.06227294881805675586 
0.00000000099999999998 0.99999493027734931427 0.00000506772265078196 0.00000000099999999998 
0.86169342138737514691 0.13830657549946079321 0.00000000211316400784 0.00000000099999999999 
0.01495895918391463783 0.01315072369145537344 0.00000000099999999999 0.97189031612463006038 
0.09591888754236443937 0.43974854732837664884 0.00317013700066613550 0.46116242812859281619 
0.01794614579278650326 0.88500632173009896597 0.01394788144813931957 0.08309965102897509670 
0.00000000099999999996 0.99999999700000008485 0.00000000099999999996 0.00000000099999999996 
0.98854510207005097389 0.00000000099999999997 0.01145489592994891961 0.00000000099999999997 
0.00000000099999999999 0.99999999700000008485 0.00000000099999999999 0.00000000099999999999 
0.01351080822194632679 0.93544277351852145319 0.01942976509390445528 0.03161665316562769362 
0.00000000099999999997 0.97467269800155253989 0.02532729999844739524 0.00000000099999999997 
0.02531524577191457404 0.94419216496005609063 0.00000000099999999999 0.03049258826802932199 
0.00000000099999999999 0.99388664133370119291 0.00611335666629875610 0.00000000099999999999 
0.98185330005871795933 0.00000000099999999997 0.01814669794128199315 0.00000000099999999997 
0.99999999700000008485 0.00000000099999999997 0.00000000099999999997 0.00000000099999999997 
0.00000000099999999986 0.00000000099999999986 0.99999999699999986280 0.00000000099999999986 
0.00000000099999999986 0.00000000099999999986 0.99999999699999997382 0.00000000099999999986 
0.00844678983717518476 0.90233441577873318984 0.03816030427770047972 0.05105849010639126884 
0.00000000099999999999 0.96644208756972704855 0.01827367187649968014 0.01528423955377333603 
0.00013637231312078934 0.99986362568687925378 0.00000000099999999998 0.00000000099999999998 
0.00000409301660212826 0.98789587771582154652 0.00000000100000000000 0.01210002826757627936 
0.97616838624893342846 0.00000000099999999995 0.02383161175106659688 0.00000000099999999995 
0.03041598760731412457 0.91160660361594980650 0.03962023469378741364 0.01835717408294865530 
0.00000000099999999999 0.95269636402334867409 0.00005131064284252968 0.04725232433380888858 
0.00000000099999999995 0.99999999700000008485 0.00000000099999999995 0.00000000099999999995 
0.00369143535939350570 0.00000000099999999999 0.96028858982633991115 0.03601997381426656764 
0.00000002778792703300 0.69069130142737233946 0.07044894030922019268 0.23885973047548028636 
0.00000000099999999998 0.00000000099999999998 0.99999999699999986280 0.00000000099999999998 
0.00000000099999999999 0.00948216061980709096 0.00000000099999999999 0.99051783738019283376 
0.00000000099999999999 0.92786870341404725782 0.03259916694178036783 0.03953212864417234018 
0.58931900384224222833 0.01510988823389726975 0.00000000099999999999 0.39557110692386049378 
0.61576361123418288379 0.00912327800651541176 0.04178277152883390355 0.33333033923046778702 
0.00000000099999999997 0.00000000099999999997 0.02474895866892252647 0.97525103933107737397 
0.98644819411432671519 0.00000000099999999998 0.00000000099999999998 0.01355180388567331189 
0.00000000099999999999 0.95466346871538576568 0.03386071893413905576 0.01147581135047511317 
0.99999999699999997382 0.00000000099999999996 0.00000000099999999996 0.00000000099999999996 
0.99999999699999997382 0.00000000099999999996 0.00000000099999999996 0.00000000099999999996 
0.07271740546118406201 0.00000000099999999999 0.00000014912249196723 0.92728244441632390327 
0.07568269084851080020 0.03507451748122484420 0.04111484965405945435 0.84812794201620500534 
0.57947189688613531811 0.00000000099999999999 0.05860389408973439018 0.36192420802413027836 
0.00000000099999999998 0.00000000099999999998 0.03501307963822798686 0.96498691836177208359 
0.60681549240145926660 0.03313889588975013623 0.00000000100000000000 0.36004561070879065321 
0.99999999700000008485 0.00000000099999999997 0.00000000099999999997 0.00000000099999999997 
0.99999999700000008485 0.00000000099999999996 0.00000000099999999996 0.00000000099999999996 
0.99865830474980321618 0.00000000099999999998 0.00000000099999999998 0.00134169325019683084 
0.00000000099999999992 0.00000000099999999992 0.99999999699999986280 0.00000000099999999992 
0.53462450435788533287 0.00000000574186112477 0.05471134546386482306 0.41066414443638876719 
0.55609756432220258660 0.00275711485184044038 0.03534733087141577607 0.40579798995454119392 
0.99999999699999997382 0.00000000099999999994 0.00000000099999999994 0.00000000099999999994 
0.01573283531026037352 0.97048862227952437109 0.01377854141021526979 0.00000000099999999999 
0.99999999700000008485 0.00000000099999999994 0.00000000099999999994 0.00000000099999999994 
0.01030409349644827513 0.98966860566806624799 0.00000000100000000000 0.00002729983548552359 
0.99999999699999997382 0.00000000099999999997 0.00000000099999999997 0.00000000099999999997 
0.04865822132718689019 0.00000000100000000000 0.02282842644379481228 0.92851335122901823560 
0.99970665634504651820 0.00000000099999999998 0.00029334165495351647 0.00000000099999999998 
0.04246513493456756383 0.87089589633966912885 0.00000000099999999999 0.08663896772576334948 
0.09896783626942602663 0.05649308274204888763 0.25003541818215868631 0.59450366280636623983 
0.00000000099999999984 0.00000000099999999984 0.99999999699999997382 0.00000000099999999984 
0.03050604878005456350 0.92144848421332847810 0.04796110613615274521 0.00008436087046405115 
0.00000000099999999994 0.00000000099999999994 0.99999999699999997382 0.00000000099999999994 
0.00000000099999999999 0.99803656625129588686 0.00091783852267494340 0.00104559422602916625 
0.00000000100000000000 0.93625436471715162146 0.01376181326729757418 0.04998382101555095408 
0.78390642081584427370 0.01732811802225232845 0.01031970263578684335 0.18844575852611658573 
0.00000000099999999990 0.00000000099999999990 0.99999999699999997382 0.00000000099999999990 
0.56069568170523786943 0.03961057394382366814 0.00514499484388904887 0.39454874950704937886 
0.58050744029135081803 0.03547777873333610166 0.03692064866340702411 0.34709413231190605620 
0.00000000099999999993 0.99999999699999997382 0.00000000099999999993 0.00000000099999999993 
0.00000000099999999994 0.99999999700000008485 0.00000000099999999994 0.00000000099999999994 
0.00000000099999999998 0.99999999699999997382 0.00000000099999999998 0.00000000099999999998 
0.99507710671305471539 0.00000000099999999998 0.00492289128694514255 0.00000000099999999998 
0.99999999700000008485 0.00000000099999999996 0.00000000099999999996 0.00000000099999999996 
0.00000000099999999995 0.00000000099999999995 0.99999999699999986280 0.00000000099999999995 
0.00000000099999999994 0.98236938640649396071 0.01763061159350592932 0.00000000099999999994 
0.00000000099999999987 0.00000000099999999987 0.99999999699999997382 0.00000000099999999987 
0.00000000099999999990 0.00000000099999999990 0.99999999699999986280 0.00000000099999999990 
0.00000000099999999984 0.00000000099999999984 0.99999999699999986280 0.00000000099999999984 
0.00003849992096546278 0.96067047760590340566 0.00747346189974678558 0.03181756057338429311 
0.00000000099999999997 0.99999999699999997382 0.00000000099999999997 0.00000000099999999997 
0.00000000099999999998 0.99999999699999997382 0.00000000099999999998 0.00000000099999999998 
0.00000000099999999998 0.98701657253479491150 0.01298342546520501149 0.00000000099999999998 
0.00000000099999999993 0.99999999699999997382 0.00000000099999999993 0.00000000099999999993 
0.00000000099999999988 0.00000000099999999988 0.99999999699999986280 0.00000000099999999988 
0.14688537387384453803 0.79628541215631098993 0.00671816434087927229 0.05011104962896531512 
0.99999999700000008485 0.00000000099999999994 0.00000000099999999994 0.00000000099999999994 
0.00000000099999999998 0.95620648891647364032 0.00000000099999999998 0.04379350908352643706 
0.04125460437175447470 0.93181681104966318507 0.00000000099999999999 0.02692858357858240320 
0.00000000099999999997 0.97894840199932964264 0.02105159600067034106 0.00000000099999999997 
0.04228662489492149984 0.90064784750265280966 0.02132224506652791868 0.03574328253589783427 
0.61611888362535482955 0.02167294000199711593 0.02884575048481837628 0.33336242588782954988 
0.69840899054403682289 0.00000000099999999998 0.02554970978662489053 0.27604129866933824200 
0.04389639900151138391 0.03855298678285504210 0.00000000100000000000 0.91755061321563347043 
0.03062870043275289778 0.00555343139666747854 0.02314506000544705455 0.94067280816513254571 
0.65125517609769700833 0.00000000099999999997 0.01315037256209937444 0.33559445034020368714 
0.66330617514398637624 0.00000000099999999998 0.05339478855891360148 0.28329903529710004362 
0.67726352792556732130 0.00000000099999999998 0.03037610287734502160 0.29236036819708766110 
0.67787149175519612054 0.00000000099999999998 0.01378789880837156569 0.30834060843643240624 
0.02485500494523105314 0.00000003288820508542 0.01712427665293659099 0.95802068551362717930 
0.63612741508426873249 0.00000000100000000000 0.01106191689924101475 0.35281066701649033135 
0.63682600314903647920 0.00000000099999999998 0.05701092076997933689 0.30616307508098405954 
0.02393778956395973753 0.05046323707182084894 0.01332134223917024081 0.91227763112504911547 
0.01899080138959791109 0.00552811484854205931 0.00000000100000000000 0.97548108276185996335 
0.68272043597609399779 0.00000000099999999999 0.06628260625941688466 0.25099695676448918746 
0.67756291841674487486 0.00000000099999999997 0.00155329862102688687 0.32088378196222822059 
0.64684643867938051986 0.00000000099999999998 0.03809527634601314605 0.31505828397460639012 
0.68451500200213122316 0.00000000099999999998 0.03160871961039693478 0.28387627738747189809 
0.52752003272218461749 0.00000000099999999999 0.03354682257520027328 0.43893314370261504731 
0.61373931308015672315 0.00000000099999999998 0.06268884488931597554 0.32357184103052738511 
0.65760271747054621638 0.00000000099999999998 0.00485222586019168692 0.33754505566926218396 
0.66503872200689773120 0.00000000099999999998 0.01958918860306158374 0.31537208839004071681 
0.63851821765329419556 0.00000000099999999998 0.02208154873908707225 0.33940023260761864599 
0.67261849722460020917 0.00000000100000000000 0.01931215682350718998 0.30806934495189269851 
0.66555087537949042531 0.00000000099999999997 0.07322635970759264201 0.26122276391291704423 
0.73942581212397284762 0.00000000099999999999 0.00057708186820011338 0.25999710500782718947 
0.67498719353342939709 0.00092767061538786980 0.04380506529936097765 0.28028007055182174723 
0.69092840201865224348 0.00000000099999999998 0.03638302695728783814 0.27268857002405988421 
0.64388836589041742453 0.00000000099999999999 0.02024013823042322344 0.33587149487915940460 
0.65519412996913783953 0.00000000099999999998 0.00650419978430044274 0.33830166924656174254 
0.60874310064102887807 0.00000000099999999999 0.03231317462824639247 0.35894372373072491733 
0.64085786429540825271 0.00000000099999999999 0.03002413454820610644 0.32911800015638553729 
0.04319378991970717480 0.00000000099999999999 0.01894523855246742911 0.93786097052782546601 
0.62729275298609943334 0.00000000099999999998 0.00000000099999999998 0.37270724501390056771 
0.65039069950775796336 0.00000000099999999999 0.01626926590612318146 0.33334003358611896672 
0.58870586998987206595 0.00000000099999999999 0.00000000099999999999 0.41129412801012804612 
0.61012556035893106277 0.00000000099999999999 0.02290962036318872422 0.36696481827788013375 
0.68150554758340942119 0.00000000099999999999 0.04292810812558003897 0.27556634329101054037 
0.63546187995555791783 0.00000000099999999999 0.00000000099999999999 0.36453811804444208322 
0.66601479936161134265 0.00000000099999999999 0.03495939396569906071 0.29902580567268977063 
0.57633494272049190510 0.00000000099999999998 0.04132029473474166381 0.38234476154476648713 
0.60119367900552611594 0.00000000099999999997 0.00000127324473651841 0.39880504674973749069 
0.61372911087206660774 0.00000000099999999999 0.04977661781976431415 0.33649427030816891904 
0.06822072505171575263 0.00000185503596426074 0.02978252134842341095 0.90199489856389658549 
0.71596641525363013958 0.00435268402338106954 0.04771639166190792813 0.23196450906108079248 
0.66159171805149352696 0.00000000099999999998 0.01453431093260283517 0.32387397001590356727 
0.68480645076015045358 0.00000000099999999999 0.04469499350409700256 0.27049855473575251663 
0.61295733792527928863 0.01108655572648468285 0.00000000100000000000 0.37595610534823598048 
0.59555912210630723713 0.00000000099999999999 0.00277392900848919639 0.40166694788520374004 
0.67240801358713664371 0.00000000099999999998 0.01978038686026989748 0.30781159855259343505 
0.63006848589575426001 0.00000000099999999998 0.03264105069413183319 0.33729046241011401142 
0.56232712235129445055 0.00000000099999999999 0.03433768141948548291 0.40333519522922001155 
0.58940351394477741298 0.00000000099999999999 0.04117725667082101915 0.36941922838440155452 
0.63189592440493369541 0.00000000099999999999 0.01882363633627618521 0.34928043825879012685 
0.61336044314513837872 0.00000000100000000000 0.03147738625058541656 0.35516216960427626770 
0.68813266698798647436 0.00000000099999999998 0.00000000099999999998 0.31186733101201363771 
0.59164222627388651787 0.00000000099999999999 0.02116802509167129212 0.38718974763444224951 
0.64163881834744551647 0.03088717983009574286 0.02605673483527417775 0.30141726698718468436 
0.65978330046173905288 0.00000000099999999999 0.02937833711119485283 0.31083836142706622319 
0.64428012345500229596 0.00000000099999999999 0.02121752183657975646 0.33450235370841790994 
0.69522570653258530804 0.00000000099999999999 0.02591994884147129016 0.27885434362594352375 
0.62840660350842680870 0.00000000099999999999 0.02805102202376962353 0.34354237346780364115 
0.68799192658709062975 0.00000000099999999999 0.00738273353479646649 0.30462533887811293898 
0.02789381236200985312 0.00000000100000000000 0.00000338472609244372 0.97210280191189768484 
0.06435408401902312225 0.00000000099999999999 0.04743616746668723877 0.88820974751428960481 
0.67134368277000144865 0.00000000099999999998 0.01271998122561510992 0.31593633500438350614 
0.66562497430924183472 0.00000000099999999999 0.00428004979926133785 0.33009497489149697280 
0.65725313671350593658 0.00000000099999999998 0.02586569145767562972 0.31688117082881861464 
0.62011192606793841264 0.00000000099999999998 0.04953054451381329326 0.33035752841824822523 
0.66219842141298224103 0.00000000099999999999 0.00000033100822647890 0.33780124657879140315 
0.05423006728935658716 0.00000000099999999999 0.00001463937278598835 0.94575529233785748939 
0.00154005962691634466 0.01150442775552061418 0.05737318654390642647 0.92958232607365665068 
0.65611879403813255784 0.00000000099999999998 0.06759715072646685363 0.27628405423540058905 
0.03231393299172802269 0.01891171898657637018 0.00000000099999999999 0.94877434702169560765 
0.04656184524055269336 0.00025830634864351632 0.00661099899205043560 0.94656884941875329975 
0.68046768538927993042 0.00000000099999999999 0.00103361861021866210 0.31849869500050126403 
0.60983362805727436839 0.00000000099999999999 0.03688258663381589753 0.35328378430890988726 
0.61723217709771993622 0.00000000099999999999 0.05370581649746246355 0.32906200540481761463 
0.33772454348279046243 0.66227545144099664309 0.00000000407621288105 0.00000000100000000000 
0.00000000100000000000 0.90266032193594636368 0.01678257473922883589 0.08055710232482479749 
0.00563691352788980252 0.94945079187201641968 0.00000002495572444388 0.04491226964436932645 
0.03167879635876059974 0.89816050309213102398 0.00000000100000000000 0.07016069954910830742 
0.01066766121452948635 0.93480199511084349773 0.00000000099999999999 0.05453034267462696788 
0.00917910921296245276 0.95290173414176881916 0.00467078446704675878 0.03324837217822193547 
0.63022242236209158328 0.01589220309662094446 0.00089534934213469008 0.35299002519915284592 
0.00043579998244180310 0.99956302585121437065 0.00000117316634385083 0.00000000099999999998 
0.00000002480041374923 0.92727059117447141467 0.03292204362177599680 0.03980734040333890750 
0.64174569058142083566 0.00000000099999999999 0.00030734449338835456 0.35794696392519076422 
0.55110576175262804277 0.00000000100000000000 0.00000154443517271213 0.44889269281219934538 
0.59407180992813501952 0.04323509326633030725 0.01855547481552784206 0.34413762199000674791 
0.00561598602951869207 0.00756772282176043122 0.01515667251930119530 0.97165961862941974125 
0.51079915209308501822 0.12871893619098850881 0.00250781941751165513 0.35797409229841492539 
0.50752425837336034853 0.12651270348350973638 0.00232209469823238448 0.36364094344489750199 
0.53254826994758730496 0.03283140185542193779 0.00000000100000000000 0.43462032719699073002 
0.44319964847191134494 0.10756427648788320639 0.00000000100000000000 0.44923607404020543532 
0.20545657646735468460 0.56487291697547481473 0.00000000100000000000 0.22967050555717039018 
0.99999999700000008485 0.00000000099999999995 0.00000000099999999995 0.00000000099999999995 
0.60730400662568029269 0.03444041000584895096 0.00000000100000000000 0.35825558236847093729 
0.02985846766813977579 0.00000000099999999998 0.00000000099999999998 0.97014153033186023567 
0.56795827790961295189 0.00000000100000000000 0.00543764239317057457 0.42660407869721644891 
0.99999999699999997382 0.00000000099999999995 0.00000000099999999995 0.00000000099999999995 
0.00000000099999999998 0.87978744135357778156 0.00004575321896888823 0.12016680442745331092 
0.56583093641268755736 0.01468676701832677400 0.00011298056463778356 0.41936931600434795842 
0.57225531769775361823 0.02360365545159584522 0.00701263539955544659 0.39712839145109518624 
0.01461743352888908443 0.02711120835664930853 0.04514297733947896657 0.91312838077498259537 
0.00000000099999999999 0.88289185578964768375 0.02565938194412592868 0.09144876126622630830 
0.00000379165513281153 0.95717431220138271541 0.00000000100000000000 0.04282189514348438281 
0.54220639784825785945 0.03031445970716365595 0.00000000100000000000 0.42747914144457860308 
0.54613634830031998479 0.07662482511710856647 0.01004136865742785191 0.36719745792514363325 
0.60342083357086029327 0.00000006188748271736 0.02892155977422500648 0.36765754476743206514 
0.01110706169150133850 0.87600746522704830976 0.00377850683468017182 0.10910696624677017341 
0.00000000099999999998 0.00000000099999999998 0.99999999699999986280 0.00000000099999999998 
0.00027703316138105234 0.84343953580849551077 0.06464690883291820955 0.09163652219720519465 
0.58944657875504580247 0.03098952347771440768 0.00000933327592701425 0.37955456449131286245 
0.99999999700000008485 0.00000000099999999997 0.00000000099999999997 0.00000000099999999997 
0.00000000099999999990 0.00000000099999999990 0.99999999699999986280 0.00000000099999999990 
0.54422966915794279696 0.02259136009631151562 0.03670458490917842542 0.39647438583656730016 
0.59280459490247949805 0.02144500608395325664 0.00447401440721985864 0.38127638460634744044 
0.56452229808655318699 0.01620358968805614419 0.00000000099999999999 0.41927411122539076649 
0.00000000099999999996 0.99999999700000008485 0.00000000099999999996 0.00000000099999999996 
0.06135369539339945166 0.89335687480824765849 0.00000272939607732454 0.04528670040227540661 
0.03203271786838423479 0.02245474046213082400 0.04010030325841407867 0.90541223841107087988 
0.00000000100000000000 0.45175912938250789574 0.00001436005021202736 0.54822650956728002924 
0.00000000099999999997 0.99999999700000008485 0.00000000099999999997 0.00000000099999999997 
0.53841398221372727129 0.03882438349212773143 0.01130805260431948581 0.41145358168982554270 
0.00000000099999999995 0.99999999699999997382 0.00000000099999999995 0.00000000099999999995 
0.00000037203587221036 0.99999962596412772520 0.00000000099999999999 0.00000000099999999999 
0.00000000099999999998 0.99999999700000008485 0.00000000099999999998 0.00000000099999999998 
0.00000000099999999999 0.90611883263245540654 0.02027675639649717532 0.07360440997104736316 
0.00000000099999999996 0.99999999699999997382 0.00000000099999999996 0.00000000099999999996 
0.00000000099999999995 0.99999999700000008485 0.00000000099999999995 0.00000000099999999995 
0.34219158884227507400 0.00000000099999999999 0.00636822640395467900 0.65144018375377021890 
0.01355023801760783103 0.88934304464329627660 0.01565573497863608290 0.08145098236045977824 
0.01273346338917811377 0.97654013434482833667 0.00431392423927144317 0.00641247802672204915 
0.00000000099999999997 0.99674288095444507629 0.00000000099999999997 0.00325711704555502451 
0.00000000099999999999 0.93017088610686393668 0.01743243523291843761 0.05239667766021764705 
0.00000000099999999998 0.99999999700000008485 0.00000000099999999998 0.00000000099999999998 
0.00000000100000000000 0.94907932563841790330 0.00270027126483776258 0.04822040209674439276 
0.00000000099999999999 0.92450070965991348881 0.00266625233188848201 0.07283303700819800108 
0.00000000099999999998 0.98532950870803459598 0.01467048929196543630 0.00000000099999999998 
0.00000000099999999999 0.99999999699999997382 0.00000000099999999999 0.00000000099999999999 
0.96373912853449139604 0.03626016591775360620 0.00000070454775511417 0.00000000100000000000 
0.00002913950905142041 0.95424410788717839438 0.00000000099999999999 0.04572675160377018266 
0.02890281107070695812 0.95626879144815835065 0.01482839648113463797 0.00000000099999999999 
0.99999999699999997382 0.00000000099999999996 0.00000000099999999996 0.00000000099999999996 
0.57155872357583914489 0.01830029468602800344 0.03635460656791186101 0.37378637517022095249 
0.00108272918270132428 0.93441844800027840101 0.02327064997810588190 0.04122817283891427181 
0.99715944260586408809 0.00283522848053589360 0.00000532791360017094 0.00000000099999999999 
0.95666500316864255815 0.00000000099999999999 0.00862284237194552161 0.03471215345941183750 
0.98009745254259794667 0.01990254545740214112 0.00000000099999999998 0.00000000099999999998 
0.01127195544865302115 0.03407463810217123412 0.00168301922745835294 0.95297038722171745206 
0.61056326391059012604 0.01289016382268041647 0.01029045709781414158 0.36625611516891526387 
0.50270588559926698835 0.10327637845472252554 0.02717117949832344864 0.36684655644768709992 
0.07586366184361546805 0.00000000100000000000 0.02443117631693481756 0.89970516083944984675 
0.61959667760716552465 0.03191440223588627723 0.02637392045943395130 0.32211499969751433703 
0.99999999600977917957 0.00000000099999999995 0.00000000199022084943 0.00000000099999999995 
0.60095182014241299573 0.00000000099999999998 0.03692343459413630763 0.36212474426345075962 
0.59750637442391252296 0.00808600649859392631 0.02810021475005990838 0.36630740432743363888 
0.91759677073306578077 0.08234149821345590481 0.00004234295024734873 0.00001938810323108097 
0.19867768347477904323 0.17480922754215511006 0.02608706635947336330 0.60042602262359245913 
0.52477165027235517236 0.12120969842539341954 0.04332132911851847151 0.31069732218373297128 
0.01591964503069925180 0.00000000100000000000 0.00644373082460683935 0.97763662314469390591 
0.99560798493516389218 0.00437474980820806367 0.00001726425662793227 0.00000000099999999999 
0.57095083887502073861 0.00753298360017416041 0.00000000099999999999 0.42151617652480516396 
0.65132579471979101804 0.00000000099999999999 0.00000000099999999999 0.34867420328020914955 
0.07048163351581150649 0.00000000099999999997 0.00000000099999999997 0.92951836448418856396 
0.52960190126023209967 0.01674032010998119033 0.00952260785829271879 0.44413517077149400336 
0.59670748486975844216 0.00000016153164650325 0.03277830861343756369 0.37051404498515749797 
0.08328295320061915308 0.07249158869032655550 0.00859899980763471558 0.83562645830141957237 
0.99103858404754185951 0.00000000099999999998 0.00000000099999999998 0.00896141395245821266 
0.00000010061412519678 0.02704892075162505446 0.00979994190993678169 0.96315103672431301440 
0.59852585508175648599 0.00000089537331627540 0.03440371549434650955 0.36706953405058068141 
0.00000000099999999998 0.99758447044881637389 0.00241552755118358119 0.00000000099999999998 
0.00000000099999999992 0.99999999700000008485 0.00000000099999999992 0.00000000099999999992 
0.00000000100000000000 0.93020765026277152376 0.02709762036197548019 0.04269472837525301739 
0.00000000099999999999 0.93006229105186610795 0.01428822528952330972 0.05564948265861056897 
0.90103691495168414249 0.04539587262097012632 0.05356721142734562069 0.00000000100000000000 
0.00000000099999999999 0.87081086815596231432 0.00156422876452398814 0.12762490207951385224 
0.00000000100000000000 0.93473832948759782990 0.00697769793786217132 0.05828397157453997501 
0.86816115271201810266 0.12636014200033524046 0.00547870428764667475 0.00000000099999999999 
0.04549008346156844379 0.78696333433229337384 0.01957927287862790827 0.14796730932751014920 
0.00000000099999999997 0.99999999699999997382 0.00000000099999999997 0.00000000099999999997 
0.81441653394569990532 0.16298772742305928096 0.02259366501085063178 0.00000207362039031602 
0.57557279833285623916 0.01017621047969846301 0.00000000099999999999 0.41425099018744526713 
0.99999999700000008485 0.00000000099999999997 0.00000000099999999997 0.00000000099999999997 
0.08186589148062570209 0.00709266796613467008 0.00542588891441928099 0.90561555163882034858 
0.58598855440554820095 0.02196513730529861541 0.00050490205415980533 0.39154140623499356089 
0.00000002476395022672 0.93870618000232064482 0.00852457388540762279 0.05276922134832146005 
0.17008289248203484201 0.80387760979832034725 0.00035495465398470129 0.02568454306566007872 
0.03856484373613255218 0.91611808799296279293 0.00155915048790347330 0.04375791778300118506 
0.03811585446521734838 0.94790025647408548970 0.00000151634004904643 0.01398237272064813998 
0.00771634778407940137 0.91122551215651870216 0.00904213247480371331 0.07201600758459819618 
0.00000000099999999999 0.93385576129303082826 0.01293596009464654563 0.05320827761232253122 
0.55600802816516292637 0.02594974488892681438 0.03049358941319334562 0.38754863753271701077 
0.03443130522441491953 0.00188406855453329995 0.03128256443618297744 0.93240206178486884081 
0.58149417511533296743 0.01035549545271184993 0.01527607906993094268 0.39287425036202439088 
0.60546954196323554687 0.03767729494439348709 0.02683263039124044944 0.33002053270113063110 
0.05442295788037430915 0.00000000099999999999 0.01819975268427155221 0.92737728843535416345 
0.99958009920381629687 0.00000000099999999997 0.00041989879618368418 0.00000000099999999997 
0.99997335962743882920 0.00000000099999999998 0.00002663837256119973 0.00000000099999999998 
0.56225667827377556751 0.01860089004497930687 0.00000000099999999999 0.41914243068124529268 
0.54631821245523792818 0.01723686437685494066 0.03543785056851951609 0.40100707259938772609 
0.66016992067737234606 0.00000009326697133844 0.00000000099999999999 0.33982998505565631397 
0.97914328209386702895 0.00000000099999999999 0.00659303586871814746 0.01426368103741480417 
0.96847110452978801831 0.01012573281878113504 0.02140316165143083330 0.00000000100000000000 
0.58683538532665935339 0.00475611133971911085 0.01692979430052965126 0.39147870903309195389 
0.00000000099999999999 0.00000000099999999999 0.01660883076003766279 0.98339116723996233826 
0.55026074919964773624 0.04855481386691024720 0.04236658097280220081 0.35881785596063986432 
0.98201845660933018145 0.00000000099999999997 0.01798154139066981960 0.00000000099999999997 
0.61802867283094475859 0.00122598119992983344 0.00000029837886907115 0.38074504759025651346 
0.00226977265427768388 0.88704583283973936769 0.02174299083788675327 0.08894140366809619169 
0.86129874386379390305 0.00000000100000000000 0.00075386367064944582 0.13794739146555676235 
0.04369097493694872741 0.87999970337985766733 0.03295580132692804698 0.04335352035626557909 
0.99999999700000008485 0.00000000099999999995 0.00000000099999999995 0.00000000099999999995 
0.57459468407802405387 0.02462236418276542160 0.00007324973848994518 0.40070970200072064671 
0.60842791613935021111 0.01804633041664776422 0.00516760200130870258 0.36835815144269334898 
0.99999999699999997382 0.00000000099999999998 0.00000000099999999998 0.00000000099999999998 
0.61555626524517037534 0.00000000100000000000 0.00020352908741758861 0.38424020466741215518 
0.42686556720106627605 0.19465593947882742221 0.07664983022296198434 0.30182866309714445618 
0.99999997950589125661 0.00000001849410866523 0.00000000099999999998 0.00000000099999999998 
0.54689402838137057827 0.04833716921123836635 0.01318917559975964215 0.39157962680763142016 
0.00000000099999999998 0.97915136011195391674 0.02084863788804617452 0.00000000099999999998 
0.00000000099999999986 0.00000000099999999986 0.99999999699999997382 0.00000000099999999986 
0.00000000099999999999 0.97997239650062639704 0.02002760149937360401 0.00000000099999999999 
0.02418372582699169354 0.94880453671541042926 0.00000000099999999999 0.02701173645759798875 
0.01862874043775509733 0.93876112529718991340 0.00000000099999999999 0.04261013326505493776 
0.01451654026161485270 0.93302697244320231817 0.00000110570313715600 0.05245538159204570644 
0.03465640621002324256 0.89249089463752351303 0.00000000099999999999 0.07285269815245315472 
0.05310555036226286690 0.88993852306439757971 0.00000000100000000000 0.05695592557333951228 
0.00000000099999999999 0.92319695432364179410 0.01880619253335091487 0.05799685214300741992 
0.99999999700000008485 0.00000000099999999995 0.00000000099999999995 0.00000000099999999995 
0.00000000100000000000 0.90813532645444527969 0.02854151938560791843 0.06332315315994671567 
0.00000000099999999989 0.00000000099999999989 0.99999999699999986280 0.00000000099999999989 
0.00000000099999999998 0.97321364749510697045 0.00000000099999999998 0.02678635050489307570 
0.00000000099999999996 0.99999999700000008485 0.00000000099999999996 0.00000000099999999996 
0.54686605479721617229 0.00000000099999999999 0.02586253141892942004 0.42727141278385444290 
0.00000000099999999997 0.99999999700000008485 0.00000000099999999997 0.00000000099999999997 
0.00000000099999999996 0.99999999699999997382 0.00000000099999999996 0.00000000099999999996 
0.02219725736582956258 0.90758783744361126722 0.02757241048387265234 0.04264249470668658726 
0.02873195930017937577 0.90158010244331299177 0.00000000100000000000 0.06968793725650762605 
0.00000000099999999999 0.98315606918167031125 0.00000000099999999999 0.01684392881832975225 
0.00000000099999999995 0.99999999700000008485 0.00000000099999999995 0.00000000099999999995 
0.00000000100000000000 0.92648305864425373191 0.01516363266210368071 0.05835330769364246301 
0.63118240441451523015 0.00000008734953054221 0.01292588890906739424 0.35589161932688684331 
0.00000000100000000000 0.90569940162458095756 0.02039181566844035579 0.07390878170697857963 
0.00000000099999999993 0.99999999700000008485 0.00000000099999999993 0.00000000099999999993 
0.03922523421506018265 0.87827580430539309297 0.01042030412112415240 0.07207865735842253208 
0.00000000100000000000 0.95733533528688408154 0.00664958122348067223 0.03601508248963541936 
0.00000000099999999998 0.98956735156619446414 0.01043264643380549875 0.00000000099999999998 
0.60951447159455274249 0.01458718763238472764 0.00000000501443930441 0.37589833575862324766 
0.00000000099999999997 0.99999999699999997382 0.00000000099999999997 0.00000000099999999997 
0.00000215032367127649 0.93865056659337753331 0.00000000099999999999 0.06134728208295112811 
0.02346906625704890670 0.87813205419643358685 0.00000000099999999999 0.09839887854651749310 
0.00000000099999999998 0.92990611322854843657 0.00069744696238227847 0.06939643880906934403 
0.54055650143215872028 0.00000400128593972974 0.01397861391084680854 0.44546088337105477217 
0.00508529186373136727 0.79696258949171772112 0.00000000099999999999 0.19795211764455106218 
0.01481381121440977777 0.91454232911841260023 0.00000000100000000000 0.07064385866717770579 
0.00000000099999999999 0.94689448402339204680 0.00919013089946370265 0.04391538407714441067 
0.01290989273154456891 0.88245450589392027130 0.01726769008897044086 0.08736791128556473107 
0.02715420195649347751 0.97284579604350651660 0.00000000099999999999 0.00000000099999999999 
0.49837688245953798427 0.16387490317981587284 0.00028113720613416788 0.33746707715451185194 
0.00000008228332434918 0.87249208054618365704 0.01735163224596812312 0.11015620492452385393 
0.00000000099999999994 0.99999999699999997382 0.00000000099999999994 0.00000000099999999994 
0.00000000099999999997 0.99999999699999997382 0.00000000099999999997 0.00000000099999999997 
0.00061720349381165008 0.97471508668806905451 0.02465792684785126504 0.00000978297026807001 
0.21411403852545785043 0.54341245779795344095 0.03646104401424455493 0.20601245966234427165 
0.00000000099999999999 0.91666058627858892915 0.03282652951461572516 0.05051288320679538091 
0.32977311283081922610 0.52817649141509392940 0.05908837165252082274 0.08296202410156582052 
0.00000095048127680735 0.73196679545138965128 0.00000000100000000000 0.26803225306733369226 
0.02148960681602272299 0.94293693351425411642 0.00000000100000000000 0.03557345866972320969 
0.19092721232052173308 0.60125757698770887494 0.00514672479421636291 0.20266848589755309673 
0.00980917632150722640 0.94680390264182212601 0.00000001563821001430 0.04338690539846054572 
0.76122661396513735532 0.20797570599036069305 0.00666598118277255975 0.02413169886172958009 
0.00396726090493117710 0.00000000100000000000 0.00485145677315206893 0.99118128132191674062 
0.00107988070293675987 0.94574473253501012415 0.00000016671508025670 0.05317522004697291388 
0.00000000099999999998 0.98365458485899115448 0.01634541314100886045 0.00000000099999999998 
0.00000000099999999999 0.99999999700000008485 0.00000000099999999999 0.00000000099999999999 
0.00000000099999999995 0.99999999699999997382 0.00000000099999999995 0.00000000099999999995 
0.00000000099999999998 0.00000239697968675783 0.99999760102031320930 0.00000000099999999998 
0.04477618059595556144 0.91852042214065687808 0.00000000099999999999 0.03670339626338747080 
0.00000000099999999998 0.96272086490046071550 0.00000000099999999998 0.03727913309953932719 
0.00000000099999999997 0.98607673733780820680 0.01392326066219186018 0.00000000099999999997 
0.00000003478674239880 0.89882954431998518530 0.01444797660447402592 0.08672244428879838374 
0.00000000099999999997 0.99999999700000008485 0.00000000099999999997 0.00000000099999999997 
0.00000000099999999988 0.00000000099999999988 0.99999999699999986280 0.00000000099999999988 
0.00000000099999999997 0.99999999700000008485 0.00000000099999999997 0.00000000099999999997 
0.00000000099999999997 0.99999999699999997382 0.00000000099999999997 0.00000000099999999997 
0.00000000099999999990 0.00000000099999999990 0.99999999699999997382 0.00000000099999999990 
0.00000000099999999996 0.00000000099999999996 0.99999999699999997382 0.00000000099999999996 
0.00133494212571099737 0.92445606776946886995 0.01086803675959797065 0.06334095334522221732 
0.00000000099999999993 0.99999999699999997382 0.00000000099999999993 0.00000000099999999993 
0.00000000099999999999 0.91258832955343327509 0.02637645481125402980 0.06103521463531270258 
0.00000000099999999998 0.98440742063119779370 0.01559257736880224204 0.00000000099999999998 
0.60396318359199574477 0.00032692971192344142 0.00000371612567320298 0.39570617057040752274 
0.00000000100000000000 0.88744629303971789280 0.00197447123823578721 0.11057923472204619908 
0.03516582524039534724 0.00903741242443593593 0.00000000099999999999 0.95579676133516866532 
0.09014214931687306032 0.82607030974284390012 0.00394517875031139779 0.07984236218997160794 
0.06332237105693619417 0.00002112475987139747 0.02057262018606130158 0.91608388399713114314 
0.56236816124265109895 0.00716280564559630684 0.00007204175022109972 0.43039699136153142245 
0.60759206172446911243 0.01755831411149949561 0.00751754746011282400 0.36733207670391859745 
0.03705935653309734568 0.03485187554508645258 0.00000000146070248930 0.92808876646111360120 
0.00000000100000000000 0.02141049411874189692 0.01892022503920422899 0.95966927984205385727 
0.03091245271297190372 0.00000000100000000000 0.01111436054490662698 0.95797318574212142472 
0.03766345049714866361 0.02441946730124289894 0.00000027771468661267 0.93791680448692171801 
0.00000000187421161324 0.03080064422582488859 0.00342382324675135231 0.96577553065321219972 
0.02995616358781073851 0.00007833491840763472 0.00000000100000000000 0.96996550049378160718 
0.03274502370860080808 0.93105585186225547911 0.00002823322244134297 0.03617089120670228392 
0.06239417026328227672 0.75999499302828477099 0.00749842384048663574 0.17011241286794620553 
0.00000000100000000000 0.91685652617680879484 0.00000000460132553289 0.08314346822186569064 
0.50958940504077832045 0.00000000099999999999 0.06148384110978839800 0.42892675284943332370 
0.00956371903671267461 0.00981626819060710774 0.02585602116879621298 0.95476399160388403242 
0.00000000099999999999 0.94895559067847268242 0.00578405312477829180 0.04526035519674905666 
0.24627425564545732395 0.02750679245239099138 0.00006172432471488900 0.72615722757743672577 
